fixed_cell_id,moving_cell_id,iou,accepted,centroid_error_px,tre_px,moving_valid_area_px,moving_valid_fraction,fixed_valid_area_px,fixed_valid_fraction
7,1,0.308529945553539,True,4.395819612722479,4.395819612722479,551,0.7849002849002849,170,0.7522123893805309
2,5,0.6889952153110048,True,2.414272264822269,2.414272264822269,171,0.7307692307692307,182,0.7844827586206896
9,10,0.5634218289085545,True,3.875171988768206,3.875171988768206,337,0.721627408993576,193,0.7121771217712177
1,11,0.0,False,,,90,0.5921052631578947,141,0.5361216730038023
27,12,0.29218106995884774,False,,,433,0.9665178571428571,823,1.0
4,13,0.0,False,,,306,1.0,201,0.7127659574468085
19,14,0.19613259668508287,False,,,362,1.0,71,1.0
24,15,0.279383429672447,False,,,535,1.0,793,1.0
21,16,0.4946808510638298,True,2.0523562911459368,2.0523562911459368,514,1.0,329,1.0
6,17,0.0,False,,,116,0.9666666666666667,911,0.9305413687436159
10,18,0.0,False,,,90,1.0,369,0.858139534883721
12,19,0.5838150289017341,True,3.562790373638511,3.562790373638511,155,1.0,119,1.0
14,20,0.28125,False,,,532,1.0,452,1.0
11,21,0.0,False,,,391,1.0,302,0.9014925373134328
13,22,0.0,False,,,487,1.0,529,1.0
15,23,0.5371747211895911,True,3.7234134129027687,3.7234134129027687,289,1.0,538,1.0
16,24,0.0,False,,,76,1.0,304,1.0
32,25,0.44733044733044736,True,7.283089041838195,7.283089041838195,539,1.0,464,1.0
31,26,0.6654611211573237,True,2.234049983324469,2.234049983324469,527,1.0,394,1.0
33,27,0.1953551912568306,False,,,732,1.0,143,1.0
30,28,0.7985781990521327,True,1.2333173061012395,1.2333173061012395,402,1.0,357,1.0
25,29,0.36755952380952384,True,8.797746686836778,8.797746686836778,515,1.0,404,1.0
53,30,0.2379746835443038,False,,,696,1.0,282,1.0
36,31,0.723781388478582,True,2.1264400664618237,2.1264400664618237,502,1.0,665,1.0
47,32,0.15021459227467812,False,,,333,1.0,203,1.0
41,33,0.4379310344827586,True,1.8561327144086774,1.8561327144086774,580,1.0,254,1.0
17,34,0.0,False,,,451,1.0,149,1.0
29,35,0.36394849785407724,True,7.090257628618346,7.090257628618346,540,1.0,1049,1.0
40,36,0.5714285714285714,True,4.284955812842009,4.284955812842009,208,1.0,342,1.0
34,37,0.2828162291169451,False,,,244,1.0,831,1.0
51,38,0.2688821752265861,False,,,331,1.0,89,1.0
42,39,0.7653562653562653,True,3.07583341737398,3.07583341737398,704,1.0,733,1.0
39,40,0.69751166407465,True,4.914858974149198,4.914858974149198,1040,1.0,1143,1.0
49,41,0.8455284552845529,True,0.9902655856590244,0.9902655856590244,598,1.0,537,1.0
52,42,0.7171492204899778,True,2.3958718915892825,2.3958718915892825,386,1.0,385,1.0
56,43,0.435126582278481,True,5.1188902769704105,5.1188902769704105,520,1.0,387,1.0
55,44,0.3165680473372781,True,11.986084323273957,11.986084323273957,516,1.0,374,1.0
54,45,0.33226837060702874,True,4.758572861964917,4.758572861964917,136,1.0,281,1.0
18,46,0.0,False,,,737,1.0,76,1.0
20,47,0.0,False,,,362,1.0,470,1.0
59,48,0.6158631415241057,True,4.38504263998119,4.38504263998119,396,1.0,643,1.0
22,49,0.0,False,,,132,1.0,1018,1.0
23,50,0.0,False,,,232,1.0,33,1.0
58,51,0.03125,False,,,383,1.0,343,1.0
67,52,0.09154929577464789,False,,,85,1.0,380,1.0
26,53,0.0,False,,,162,1.0,154,1.0
63,54,0.4821002386634845,True,7.240352922182311,7.240352922182311,542,1.0,700,1.0
72,55,0.021538461538461538,False,,,195,1.0,137,1.0
68,56,0.7573149741824441,True,1.9422418826467058,1.9422418826467058,463,1.0,558,1.0
64,57,0.49896907216494846,True,5.402636961105982,5.402636961105982,260,1.0,467,1.0
74,58,0.7434002111932418,True,0.8448528490877281,0.8448528490877281,869,1.0,782,1.0
71,59,0.47723935389133626,True,10.73560663080436,10.73560663080436,413,1.0,593,1.0
75,60,0.7699619771863118,True,0.6583815670092975,0.6583815670092975,435,1.0,496,1.0
73,61,0.6570438799076213,True,5.8606305537308385,5.8606305537308385,637,1.0,798,1.0
82,62,0.28362573099415206,False,,,342,1.0,97,1.0
79,63,0.4188376753507014,True,5.9528598450125125,5.9528598450125125,295,1.0,413,1.0
80,64,0.23583180987202926,False,,,328,1.0,348,1.0
84,65,0.6060606060606061,True,7.589390871901545,7.589390871901545,798,1.0,527,1.0
86,66,0.5772357723577236,True,4.557745918315438,4.557745918315438,411,1.0,559,1.0
81,67,0.6394316163410302,True,4.303504227031346,4.303504227031346,388,1.0,535,1.0
85,68,0.564344746162928,True,5.34173065219871,5.34173065219871,699,1.0,626,1.0
93,69,0.42915811088295686,True,4.831684264127998,4.831684264127998,487,1.0,209,1.0
96,70,0.5773381294964028,True,1.4861780580062511,1.4861780580062511,551,1.0,326,1.0
92,71,0.5862785862785863,True,6.367150099559865,6.367150099559865,306,1.0,457,1.0
87,72,0.2506393861892583,False,,,442,1.0,536,1.0
94,73,0.6526315789473685,True,0.706657566697028,0.706657566697028,95,1.0,62,1.0
88,74,0.17832167832167833,False,,,114,1.0,560,1.0
100,75,0.37823834196891193,True,10.387917210070677,10.387917210070677,955,1.0,375,1.0
89,76,0.1308139534883721,False,,,294,1.0,1262,1.0
106,77,0.4960159362549801,True,6.944138709752309,6.944138709752309,381,1.0,370,1.0
101,78,0.3983739837398374,True,4.498728858095716,4.498728858095716,490,1.0,198,1.0
35,79,0.0,False,,,105,1.0,220,1.0
102,80,0.4555765595463138,True,6.300911041344692,6.300911041344692,295,1.0,475,1.0
99,81,0.25840336134453784,False,,,123,1.0,476,1.0
97,82,0.25077399380804954,False,,,81,1.0,323,1.0
28,83,0.0,False,,,222,1.0,318,1.0
103,84,0.6309255079006773,True,3.7441649502813803,3.7441649502813803,567,1.0,878,1.0
44,85,0.0,False,,,143,1.0,437,1.0
37,86,0.0,False,,,66,1.0,118,1.0
110,87,0.35853658536585364,True,6.848618909940191,6.848618909940191,184,1.0,373,1.0
112,88,0.5142857142857142,True,3.2385301731235616,3.2385301731235616,478,1.0,794,1.0
126,89,0.3621683967704729,True,14.52360642180222,14.52360642180222,653,1.0,528,1.0
119,90,0.050816696914700546,False,,,86,1.0,493,1.0
38,91,0.0,False,,,265,1.0,174,1.0
125,92,0.18969555035128804,False,,,427,1.0,81,1.0
113,93,0.15760869565217392,False,,,50,1.0,163,1.0
117,94,0.4126984126984127,True,5.473609161647842,5.473609161647842,275,1.0,615,1.0
124,95,0.4914772727272727,True,5.145885876586485,5.145885876586485,322,1.0,203,1.0
43,96,0.0,False,,,146,1.0,240,1.0
120,97,0.5343137254901961,True,6.741706563908503,6.741706563908503,517,1.0,735,1.0
109,98,0.42272727272727273,True,8.528037794763636,8.528037794763636,206,1.0,420,1.0
45,99,0.0,False,,,38,1.0,417,1.0
46,100,0.0,False,,,110,1.0,434,1.0
123,101,0.703030303030303,True,0.8348613192580191,0.8348613192580191,468,1.0,375,1.0
118,102,0.35877862595419846,True,3.168181354534048,3.168181354534048,188,1.0,524,1.0
121,103,0.3981623277182236,True,6.670149899430191,6.670149899430191,270,1.0,643,1.0
48,104,0.0,False,,,175,1.0,182,1.0
50,105,0.0,False,,,333,1.0,338,1.0
122,106,0.37376586741889983,True,6.521696261907025,6.521696261907025,275,1.0,699,1.0
57,107,0.0,False,,,39,1.0,523,1.0
130,108,0.4828897338403042,True,2.404708977424824,2.404708977424824,136,1.0,254,1.0
133,109,0.5365344467640919,True,5.454767932277832,5.454767932277832,329,1.0,407,1.0
60,110,0.0,False,,,466,1.0,86,1.0
129,111,0.7213403880070547,True,1.9905398770430385,1.9905398770430385,487,1.0,489,1.0
134,112,0.3826429980276134,True,4.715269515446674,4.715269515446674,500,1.0,201,1.0
136,113,0.5178997613365155,True,5.587565890784777,5.587565890784777,405,1.0,231,1.0
61,114,0.0,False,,,74,1.0,411,1.0
142,115,0.476056338028169,True,0.758965773304542,0.758965773304542,710,1.0,338,1.0
62,116,0.0,False,,,148,1.0,231,1.0
137,117,0.6534216335540839,True,3.7791664941067955,3.7791664941067955,385,1.0,364,1.0
139,118,0.20699708454810495,False,,,102,1.0,312,1.0
151,119,0.10382978723404256,False,,,1175,1.0,122,1.0
141,120,0.2564102564102564,False,,,51,1.0,47,1.0
143,121,0.4106813996316759,True,3.3605741578110058,3.3605741578110058,223,1.0,543,1.0
140,122,0.4984520123839009,True,3.695636415743641,3.695636415743641,170,1.0,314,1.0
152,123,0.5094664371772806,True,3.907491160555979,3.907491160555979,488,1.0,389,1.0
147,124,0.6162246489859594,True,0.787745727215416,0.787745727215416,395,1.0,641,1.0
149,125,0.34718100890207715,True,6.032635432674961,6.032635432674961,286,1.0,622,1.0
146,126,0.6320582877959927,True,4.261644811975324,4.261644811975324,425,1.0,471,1.0
160,127,0.8002812939521801,True,0.29458177880068925,0.29458177880068925,572,1.0,708,1.0
69,128,0.0,False,,,446,1.0,421,1.0
65,129,0.0,False,,,175,1.0,132,1.0
159,130,0.5467625899280576,True,7.155840594893073,7.155840594893073,566,1.0,939,1.0
161,131,0.7959413754227734,True,1.3415701813598317,1.3415701813598317,762,1.0,831,1.0
158,132,0.5776,True,3.3196195200910523,3.3196195200910523,410,1.0,576,1.0
163,133,0.8397887323943662,True,1.097721624747793,1.097721624747793,502,1.0,543,1.0
165,134,0.572347266881029,True,2.8760385369620134,2.8760385369620134,401,1.0,577,1.0
156,135,0.025745257452574527,False,,,152,1.0,605,1.0
168,136,0.7412060301507538,True,1.0418311228740116,1.0418311228740116,396,1.0,297,1.0
167,137,0.5886627906976745,True,6.046667291426309,6.046667291426309,662,1.0,431,1.0
66,138,0.0,False,,,410,1.0,103,1.0
169,139,0.6115537848605578,True,1.2897305653686744,1.2897305653686744,307,1.0,502,1.0
180,140,0.3967136150234742,True,5.5131984212719285,5.5131984212719285,426,1.0,169,1.0
176,141,0.5733137829912024,True,1.8020256624786606,1.8020256624786606,682,1.0,391,1.0
173,142,0.8290993071593533,True,0.6844173593838582,0.6844173593838582,403,1.0,389,1.0
174,143,0.5966709346991037,True,5.631547717267857,5.631547717267857,615,1.0,632,1.0
179,144,0.4152542372881356,True,4.929430859164001,4.929430859164001,472,1.0,196,1.0
183,145,0.5774647887323944,True,0.6828294368570295,0.6828294368570295,549,1.0,459,1.0
185,146,0.7416666666666667,True,2.0187981400118757,2.0187981400118757,443,1.0,393,1.0
191,147,0.5727848101265823,True,2.4191696118024875,2.4191696118024875,631,1.0,363,1.0
178,148,0.4175084175084175,True,6.100942901837765,6.100942901837765,154,1.0,267,1.0
77,149,0.0,False,,,666,1.0,369,1.0
190,150,0.6900763358778625,True,2.86722414345327,2.86722414345327,655,1.0,452,1.0
189,151,0.6243523316062176,True,4.0124687696982555,4.0124687696982555,588,1.0,666,1.0
188,152,0.5158197507190796,True,4.57155581240642,4.57155581240642,550,1.0,1031,1.0
203,153,0.37142857142857144,True,6.008494215090853,6.008494215090853,236,1.0,148,1.0
182,154,0.19714285714285715,False,,,138,1.0,700,1.0
70,155,0.0,False,,,146,1.0,195,1.0
76,156,0.0,False,,,517,1.0,212,1.0
195,157,0.39255702280912363,True,7.425303031877832,7.425303031877832,327,1.0,833,1.0
194,158,0.5698447893569845,True,6.119089176504026,6.119089176504026,738,1.0,678,1.0
199,159,0.5739130434782609,True,3.594890797833774,3.594890797833774,526,1.0,741,1.0
78,160,0.0,False,,,347,1.0,167,1.0
204,161,0.653555219364599,True,2.3930029828204344,2.3930029828204344,660,1.0,433,1.0
196,162,0.5670731707317073,True,4.788694389342886,4.788694389342886,510,1.0,518,1.0
215,163,0.29699738903394257,False,,,1020,1.0,967,1.0
210,164,0.5165217391304348,True,1.5553035301712987,1.5553035301712987,394,1.0,478,1.0
216,165,0.03444034440344403,False,,,202,1.0,639,1.0
222,166,0.3421516754850088,True,10.921861698615368,10.921861698615368,431,1.0,330,1.0
83,167,0.0,False,,,251,1.0,429,1.0
205,168,0.48478015783540024,True,6.622774446025557,6.622774446025557,787,1.0,530,1.0
201,169,0.30625,True,4.652530633002286,4.652530633002286,99,1.0,319,1.0
211,170,0.7426326129666012,True,1.5599222409164788,1.5599222409164788,489,1.0,398,1.0
213,171,0.7731305449936628,True,2.177224770270996,2.177224770270996,785,1.0,614,1.0
90,172,0.0,False,,,475,1.0,371,1.0
208,173,0.6800445930880713,True,4.144119377332397,4.144119377332397,635,1.0,872,1.0
91,174,0.0,False,,,603,1.0,142,1.0
207,175,0.3112128146453089,True,6.2859454436389886,6.2859454436389886,173,1.0,400,1.0
200,176,0.26504481434058896,False,,,483,1.0,505,1.0
202,177,0.29260450160771706,False,,,182,1.0,622,1.0
98,178,0.0,False,,,252,1.0,74,1.0
217,179,0.49931224209078406,True,8.01462960822026,8.01462960822026,364,1.0,726,1.0
219,180,0.7898894154818326,True,1.2968271691507571,1.2968271691507571,582,1.0,551,1.0
223,181,0.8067092651757188,True,2.12276863059254,2.12276863059254,604,1.0,527,1.0
221,182,0.5157699443413729,True,2.256420734347296,2.256420734347296,296,1.0,521,1.0
95,183,0.0,False,,,154,1.0,210,1.0
218,184,0.6292134831460674,True,3.822045973413885,3.822045973413885,341,1.0,529,1.0
228,185,0.47976011994003,True,6.625768058468557,6.625768058468557,326,1.0,661,1.0
227,186,0.13367174280879865,False,,,93,1.0,577,1.0
232,187,0.7165562913907285,True,2.345437214786134,2.345437214786134,674,1.0,622,1.0
235,188,0.7247820672478207,True,4.069776780935481,4.069776780935481,700,1.0,685,1.0
231,189,0.7489239598278336,True,3.175346109693358,3.175346109693358,586,1.0,633,1.0
248,190,0.4,True,3.8673462608834734,3.8673462608834734,193,1.0,94,1.0
241,191,0.7838479809976246,True,1.7153408372996,1.7153408372996,330,1.0,421,1.0
256,192,0.12702078521939955,False,,,250,1.0,238,1.0
236,193,0.713472485768501,True,3.01119779225209,3.01119779225209,425,1.0,478,1.0
250,194,0.6637298091042585,True,1.950402141700964,1.950402141700964,452,1.0,681,1.0
260,195,0.22291021671826625,False,,,261,1.0,134,1.0
234,196,0.5227537922987164,True,7.004453386794051,7.004453386794051,448,1.0,857,1.0
257,197,0.6521739130434783,True,2.137871981253464,2.137871981253464,334,1.0,350,1.0
259,198,0.4612676056338028,True,0.9627294129453519,0.9627294129453519,284,1.0,131,1.0
258,199,0.6788990825688074,True,4.541889742181125,4.541889742181125,371,1.0,361,1.0
274,200,0.3432343234323432,True,6.03569191252552,6.03569191252552,279,1.0,128,1.0
272,201,0.5194508009153318,True,1.3925060228249722,1.3925060228249722,436,1.0,228,1.0
263,202,0.7584033613445378,True,1.8476412054912308,1.8476412054912308,820,1.0,854,1.0
264,203,0.8167259786476868,True,1.6731856545541868,1.6731856545541868,558,1.0,463,1.0
267,204,0.7808471454880295,True,2.4769569617129785,2.4769569617129785,447,1.0,520,1.0
270,205,0.42531120331950206,True,6.056104704120114,6.056104704120114,219,1.0,468,1.0
281,206,0.6055276381909548,True,5.019064321386556,5.019064321386556,757,1.0,521,1.0
279,207,0.8290993071593533,True,1.4506752126663194,1.4506752126663194,430,1.0,362,1.0
287,208,0.6282828282828283,True,2.297360779565491,2.297360779565491,494,1.0,312,1.0
288,209,0.2893081761006289,False,,,407,1.0,208,1.0
284,210,0.7706013363028953,True,1.3224753393612636,1.3224753393612636,445,1.0,350,1.0
285,211,0.7813333333333333,True,0.03232177272530811,0.03232177272530811,375,1.0,293,1.0
277,212,0.40894568690095845,True,13.060703093794663,13.060703093794663,802,1.0,521,1.0
286,213,0.7878048780487805,True,1.7603219717341605,1.7603219717341605,364,1.0,369,1.0
305,214,0.23062381852551986,False,,,353,1.0,298,1.0
271,215,0.5278810408921933,True,6.912378274583302,6.912378274583302,836,1.0,808,1.0
293,216,0.6946236559139785,True,0.9936190010761403,0.9936190010761403,465,1.0,323,1.0
294,217,0.6639455782312925,True,1.1361383382113608,1.1361383382113608,735,1.0,488,1.0
296,218,0.5236768802228412,True,5.109500662068652,5.109500662068652,359,1.0,188,1.0
291,219,0.7071197411003236,True,2.8666734593335295,2.8666734593335295,461,1.0,594,1.0
298,220,0.8590078328981723,True,0.4284392609074532,0.4284392609074532,766,1.0,658,1.0
283,221,0.5508637236084453,True,4.162016374087929,4.162016374087929,585,1.0,1031,1.0
297,222,0.5217391304347826,True,8.81888489635403,8.81888489635403,1161,1.0,834,1.0
289,223,0.5805860805860806,True,2.6966138051381097,2.6966138051381097,317,1.0,546,1.0
104,224,0.0,False,,,219,1.0,511,1.0
299,225,0.717741935483871,True,5.4671282687553875,5.4671282687553875,698,1.0,580,1.0
300,226,0.6789366053169734,True,4.65471276725744,4.65471276725744,762,1.0,880,1.0
301,227,0.6373937677053825,True,1.624382402481955,1.624382402481955,225,1.0,353,1.0
314,228,0.005788712011577424,False,,,375,1.0,320,1.0
302,229,0.4305555555555556,True,4.220724731806738,4.220724731806738,211,1.0,201,1.0
313,230,0.3900343642611684,True,5.527745464549836,5.527745464549836,582,1.0,227,1.0
315,231,0.7825159914712153,True,2.010724052002355,2.010724052002355,409,1.0,427,1.0
310,232,0.36996336996337,True,7.475258079892318,7.475258079892318,527,1.0,221,1.0
325,233,0.5603864734299517,True,6.0389754079701605,6.0389754079701605,496,1.0,473,1.0
312,234,0.678082191780822,True,1.9623508000676357,1.9623508000676357,584,1.0,396,1.0
295,235,0.20305343511450383,False,,,213,1.0,575,1.0
306,236,0.2392638036809816,False,,,143,1.0,463,1.0
105,237,0.0,False,,,99,1.0,464,1.0
319,238,0.7478134110787172,True,2.4686518139785973,2.4686518139785973,681,1.0,518,1.0
316,239,0.7058029689608637,True,0.928058483988011,0.928058483988011,523,1.0,741,1.0
326,240,0.5229166666666667,True,2.362590256459686,2.362590256459686,480,1.0,251,1.0
320,241,0.6910569105691057,True,2.3951479917740444,2.3951479917740444,318,1.0,306,1.0
311,242,0.21061359867330018,False,,,127,1.0,603,1.0
317,243,0.6501901140684411,True,2.998326085855168,2.998326085855168,455,1.0,413,1.0
323,244,0.6519916142557652,True,3.405608853339727,3.405608853339727,411,1.0,377,1.0
321,245,0.7378335949764521,True,1.897517752408286,1.897517752408286,558,1.0,549,1.0
322,246,0.5437415881561238,True,5.0255718307424555,5.0255718307424555,514,1.0,633,1.0
334,247,0.46153846153846156,True,2.2006746467381872,2.2006746467381872,416,1.0,192,1.0
107,248,0.0,False,,,97,1.0,661,1.0
309,249,0.22281639928698752,False,,,229,1.0,457,1.0
111,250,0.0,False,,,166,1.0,353,1.0
339,251,0.6905940594059405,True,2.6125501010379475,2.6125501010379475,383,1.0,300,1.0
330,252,0.7814485387547649,True,1.5686150603619402,1.5686150603619402,633,1.0,769,1.0
335,253,0.7540983606557377,True,0.5172663580817034,0.5172663580817034,460,1.0,610,1.0
342,254,0.28992628992628994,False,,,311,1.0,214,1.0
108,255,0.0,False,,,83,1.0,324,1.0
363,256,0.34045226130653267,True,9.879763245056635,9.879763245056635,509,1.0,558,1.0
348,257,0.6338797814207651,True,3.1170042393169046,3.1170042393169046,267,1.0,331,1.0
347,258,0.7189097103918228,True,3.351078091312986,3.351078091312986,504,1.0,505,1.0
329,259,0.4943019943019943,True,6.847872891299456,6.847872891299456,361,1.0,688,1.0
362,260,0.27008310249307477,False,,,722,1.0,195,1.0
343,261,0.31629834254143646,True,11.069798558295217,11.069798558295217,484,1.0,469,1.0
355,262,0.37103448275862067,True,8.23939594124059,8.23939594124059,498,1.0,496,1.0
352,263,0.5848214285714286,True,3.32032363688526,3.32032363688526,400,1.0,310,1.0
356,264,0.5180180180180181,True,3.6372713742092238,3.6372713742092238,417,1.0,257,1.0
346,265,0.4114583333333333,True,6.87871948810622,6.87871948810622,420,1.0,393,1.0
353,266,0.7985074626865671,True,1.1517403008300495,1.1517403008300495,361,1.0,362,1.0
360,267,0.09985734664764621,False,,,306,1.0,465,1.0
354,268,0.7254901960784313,True,3.183666277603888,3.183666277603888,407,1.0,385,1.0
359,269,0.655860349127182,True,3.662796910009835,3.662796910009835,357,1.0,307,1.0
357,270,0.7092568448500652,True,3.332950171428792,3.332950171428792,668,1.0,643,1.0
358,271,0.6862068965517242,True,2.4499140544993,2.4499140544993,625,1.0,842,1.0
371,272,0.07093425605536333,False,,,578,1.0,41,1.0
114,273,0.0,False,,,281,1.0,198,1.0
367,274,0.5595238095238095,True,0.3952683165763531,0.3952683165763531,504,1.0,282,1.0
366,275,0.6708074534161491,True,2.5688542582184866,2.5688542582184866,569,1.0,507,1.0
350,276,0.04734411085450346,False,,,41,1.0,866,1.0
383,277,0.028004667444574097,False,,,460,1.0,421,1.0
382,278,0.375,True,6.318478988101333,6.318478988101333,624,1.0,245,1.0
365,279,0.4461343472750317,True,8.02621108767634,8.02621108767634,727,1.0,414,1.0
115,280,0.0,False,,,281,1.0,320,1.0
373,281,0.49252336448598133,True,8.323522375042442,8.323522375042442,598,1.0,999,1.0
378,282,0.517426273458445,True,4.249470288313605,4.249470288313605,291,1.0,275,1.0
385,283,0.2876506024096386,False,,,493,1.0,362,1.0
372,284,0.2650793650793651,False,,,211,1.0,586,1.0
387,285,0.6541353383458647,True,2.6007846437544084,2.6007846437544084,758,1.0,562,1.0
361,286,0.07943262411347518,False,,,285,1.0,476,1.0
144,287,0.0,False,,,294,1.0,351,1.0
127,288,0.0,False,,,172,1.0,71,1.0
138,289,0.0,False,,,175,1.0,488,1.0
116,290,0.0,False,,,414,1.0,726,1.0
380,291,0.36459909228441756,True,6.660073100488589,6.660073100488589,241,1.0,661,1.0
384,292,0.7146892655367232,True,2.2119674851508866,2.2119674851508866,326,1.0,281,1.0
374,293,0.5716292134831461,True,5.9973441232005085,5.9973441232005085,440,1.0,679,1.0
128,294,0.0,False,,,446,1.0,231,1.0
386,295,0.3880794701986755,True,10.412171776644934,10.412171776644934,594,1.0,454,1.0
397,296,0.22807017543859648,False,,,504,1.0,126,1.0
131,297,0.0,False,,,153,1.0,145,1.0
132,298,0.0,False,,,53,1.0,418,1.0
391,299,0.5115942028985507,True,5.506345480349687,5.506345480349687,522,1.0,521,1.0
135,300,0.0,False,,,309,1.0,422,1.0
398,301,0.4677804295942721,True,4.982524894337121,4.982524894337121,669,1.0,561,1.0
164,302,0.0,False,,,364,1.0,341,1.0
396,303,0.5559772296015181,True,0.9450902281163331,0.9450902281163331,527,1.0,293,1.0
381,304,0.41835518474374256,True,11.767957855198448,11.767957855198448,393,1.0,797,1.0
394,305,0.5402542372881356,True,3.8223487249145403,3.8223487249145403,255,1.0,472,1.0
400,306,0.6532593619972261,True,3.0550390554601767,3.0550390554601767,679,1.0,513,1.0
409,307,0.17405063291139242,False,,,632,1.0,110,1.0
406,308,0.31695331695331697,True,18.495622802813703,18.495622802813703,354,1.0,718,1.0
411,309,0.17604617604617603,False,,,693,1.0,122,1.0
389,310,0.17369727047146402,False,,,214,1.0,732,1.0
407,311,0.6521197007481296,True,4.404250822301237,4.404250822301237,743,1.0,582,1.0
412,312,0.6461538461538462,True,2.1768107293800525,2.1768107293800525,316,1.0,219,1.0
413,313,0.5648021828103683,True,3.9051917737650954,3.9051917737650954,670,1.0,477,1.0
395,314,0.14482758620689656,False,,,105,1.0,725,1.0
416,315,0.636,True,1.9715718408302934,1.9715718408302934,494,1.0,324,1.0
393,316,0.37712344280860705,True,11.985497678234786,11.985497678234786,585,1.0,631,1.0
417,317,0.598939929328622,True,2.042439020647961,2.042439020647961,504,1.0,401,1.0
415,318,0.3297232250300842,True,7.679697619139034,7.679697619139034,275,1.0,830,1.0
414,319,0.5916334661354582,True,3.5449440527294658,3.5449440527294658,411,1.0,388,1.0
408,320,0.390057361376673,True,5.241206349452509,5.241206349452509,241,1.0,486,1.0
145,321,0.0,False,,,245,1.0,338,1.0
420,322,0.6424778761061947,True,2.8445334279401724,2.8445334279401724,562,1.0,366,1.0
148,323,0.0,False,,,307,1.0,232,1.0
423,324,0.40286298568507156,True,6.6921455431976815,6.6921455431976815,197,1.0,489,1.0
418,325,0.17117117117117117,False,,,79,1.0,441,1.0
150,326,0.0,False,,,129,1.0,55,1.0
171,327,0.0,False,,,701,1.0,524,1.0
153,328,0.0,False,,,321,1.0,41,1.0
421,329,0.2956259426847662,False,,,202,1.0,657,1.0
422,330,0.22887323943661972,False,,,422,1.0,625,1.0
426,331,0.3812636165577342,True,7.74895168784119,7.74895168784119,490,1.0,778,1.0
154,332,0.0,False,,,262,1.0,27,1.0
436,333,0.43859649122807015,True,1.0048813371754945,1.0048813371754945,513,1.0,225,1.0
155,334,0.0,False,,,308,1.0,63,1.0
157,335,0.0,False,,,368,1.0,420,1.0
427,336,0.5194805194805194,True,3.8859730868938858,3.8859730868938858,167,1.0,184,1.0
430,337,0.8610169491525423,True,0.7922327592305176,0.7922327592305176,543,1.0,555,1.0
432,338,0.3089005235602094,True,3.187063108155661,3.187063108155661,369,1.0,131,1.0
434,339,0.6683417085427136,True,5.721899561203441,5.721899561203441,699,1.0,629,1.0
162,340,0.0,False,,,520,1.0,169,1.0
429,341,0.7710843373493976,True,1.7249297196758822,1.7249297196758822,260,1.0,328,1.0
431,342,0.4972067039106145,True,4.374541527656141,4.374541527656141,273,1.0,531,1.0
439,343,0.7123893805309734,True,1.9375392717075652,1.9375392717075652,405,1.0,369,1.0
441,344,0.3523809523809524,True,4.099839522491005,4.099839522491005,840,1.0,296,1.0
446,345,0.3493827160493827,True,1.5514394675873036,1.5514394675873036,810,1.0,283,1.0
440,346,0.8189233278955954,True,1.2306774682206827,1.2306774682206827,592,1.0,523,1.0
437,347,0.742671009771987,True,2.285032250879231,2.285032250879231,486,1.0,584,1.0
443,348,0.7343096234309623,True,1.673781163539666,1.673781163539666,469,1.0,360,1.0
172,349,0.0,False,,,735,1.0,363,1.0
166,350,0.0,False,,,272,1.0,50,1.0
445,351,0.4276923076923077,True,0.4526153575974414,0.4526153575974414,325,1.0,139,1.0
442,352,0.2897058823529412,False,,,675,1.0,202,1.0
448,353,0.6784,True,5.050380617820852,5.050380617820852,474,1.0,575,1.0
454,354,0.7319148936170212,True,1.4193532118567866,1.4193532118567866,676,1.0,545,1.0
449,355,0.42829827915869984,True,4.354170319485529,4.354170319485529,238,1.0,509,1.0
450,356,0.3811710677382319,True,9.468926392711673,9.468926392711673,747,1.0,456,1.0
170,357,0.0,False,,,586,1.0,427,1.0
457,358,0.7852193995381063,True,0.6810828655081104,0.6810828655081104,420,1.0,353,1.0
461,359,0.6306122448979592,True,3.9625889220444206,3.9625889220444206,483,1.0,316,1.0
455,360,0.6776212832550861,True,0.9080614470281723,0.9080614470281723,1198,1.0,946,1.0
460,361,0.6538461538461539,True,1.9558284981289333,1.9558284981289333,436,1.0,338,1.0
428,362,0.31982543640897754,True,12.89428507581828,12.89428507581828,541,1.0,1576,1.0
459,363,0.5881032547699214,True,7.39025076410458,7.39025076410458,688,1.0,727,1.0
468,364,0.5892351274787535,True,1.0650912897027296,1.0650912897027296,353,1.0,208,1.0
451,365,0.2875605815831987,False,,,178,1.0,619,1.0
175,366,0.0,False,,,140,1.0,107,1.0
472,368,0.2161422708618331,False,,,259,1.0,630,1.0
181,369,0.0,False,,,306,1.0,398,1.0
471,370,0.6512261580381471,True,2.3368200606216742,2.3368200606216742,273,1.0,333,1.0
479,371,0.33553719008264465,True,0.3499187182466062,0.3499187182466062,605,1.0,203,1.0
475,372,0.6714628297362111,True,0.8708297458402348,0.8708297458402348,834,1.0,560,1.0
470,373,0.5733333333333334,True,3.1974124134820547,3.1974124134820547,344,1.0,600,1.0
486,374,0.38170347003154576,True,3.6644834029524818,3.6644834029524818,634,1.0,242,1.0
478,375,0.5828877005347594,True,2.991022640560011,2.991022640560011,363,1.0,229,1.0
481,376,0.7867435158501441,True,0.29485053225789587,0.29485053225789587,347,1.0,273,1.0
476,377,0.659016393442623,True,1.4645749096987417,1.4645749096987417,596,1.0,416,1.0
477,378,0.8017817371937639,True,2.4390548719802934,2.4390548719802934,750,1.0,868,1.0
177,379,0.0,False,,,95,1.0,37,1.0
482,380,0.7079439252336449,True,2.266407248639215,2.266407248639215,380,1.0,351,1.0
484,381,0.5947441217150761,True,7.136913502540895,7.136913502540895,539,1.0,614,1.0
488,382,0.5459183673469388,True,4.5346116266939145,4.5346116266939145,230,1.0,376,1.0
184,383,0.0,False,,,306,1.0,133,1.0
490,384,0.9222222222222223,True,0.4255476177583882,0.4255476177583882,337,1.0,355,1.0
492,385,0.5093457943925234,True,4.004039449444135,4.004039449444135,219,1.0,427,1.0
493,386,0.4538310412573674,True,3.7065869175899024,3.7065869175899024,465,1.0,275,1.0
496,387,0.8453781512605042,True,1.1146890575445252,1.1146890575445252,571,1.0,527,1.0
186,388,0.0,False,,,61,1.0,628,1.0
499,389,0.5334261838440112,True,8.73139815897723,8.73139815897723,424,1.0,677,1.0
502,390,0.65311004784689,True,2.0454051179179573,2.0454051179179573,273,1.0,418,1.0
503,391,0.5814432989690722,True,4.653258086367977,4.653258086367977,377,1.0,390,1.0
507,392,0.8787295476419634,True,0.8578367247756741,0.8578367247756741,1030,1.0,922,1.0
500,393,0.3724966622162884,True,10.413130285430135,10.413130285430135,398,1.0,630,1.0
523,394,0.4254807692307692,True,9.047260504511264,9.047260504511264,822,1.0,364,1.0
504,395,0.6978557504873294,True,4.513708218996441,4.513708218996441,390,1.0,481,1.0
505,396,0.7373737373737373,True,3.018422026009689,3.018422026009689,765,1.0,783,1.0
187,397,0.0,False,,,311,1.0,486,1.0
192,398,0.0,False,,,102,1.0,132,1.0
511,399,0.5173137460650578,True,1.2686075899733535,1.2686075899733535,493,1.0,953,1.0
528,400,0.4298136645962733,True,10.001029532535993,10.001029532535993,724,1.0,427,1.0
514,401,0.5594059405940595,True,3.7236827602461293,3.7236827602461293,288,1.0,342,1.0
517,402,0.4255874673629243,True,6.91777623866535,6.91777623866535,473,1.0,619,1.0
198,403,0.0,False,,,906,1.0,109,1.0
519,404,0.56,True,2.7322777174925488,2.7322777174925488,291,1.0,450,1.0
193,405,0.0,False,,,659,1.0,331,1.0
521,406,0.6953528399311532,True,3.2798459699636946,3.2798459699636946,451,1.0,534,1.0
522,407,0.6006711409395973,True,1.643529911851033,1.643529911851033,358,1.0,596,1.0
197,408,0.0,False,,,110,1.0,31,1.0
526,409,0.417910447761194,True,3.5951688168765568,3.5951688168765568,204,1.0,366,1.0
524,410,0.3865546218487395,True,7.130492703298552,7.130492703298552,188,1.0,307,1.0
535,411,0.6158631415241057,True,4.594228019861986,4.594228019861986,632,1.0,407,1.0
548,412,0.31343283582089554,True,14.741513579983632,14.741513579983632,1061,1.0,347,1.0
530,413,0.24871001031991744,False,,,501,1.0,709,1.0
533,414,0.7386609071274298,True,2.379267979535875,2.379267979535875,416,1.0,389,1.0
537,415,0.672566371681416,True,2.199368009911098,2.199368009911098,224,1.0,154,1.0
542,416,0.49142857142857144,True,7.459533666016047,7.459533666016047,366,1.0,417,1.0
538,417,0.44591029023746703,True,4.16991742949286,4.16991742949286,204,1.0,344,1.0
536,418,0.39812332439678283,True,9.794204889351782,9.794204889351782,739,1.0,304,1.0
532,419,0.5087108013937283,True,2.888462222155166,2.888462222155166,209,1.0,224,1.0
539,420,0.3174846625766871,True,12.002327743465036,12.002327743465036,338,1.0,521,1.0
544,421,0.3677811550151976,True,9.591807721073835,9.591807721073835,368,1.0,532,1.0
534,422,0.6396103896103896,True,4.97493724046395,4.97493724046395,598,1.0,917,1.0
540,423,0.8864,True,1.8125225835777525,1.8125225835777525,574,1.0,605,1.0
547,424,0.5433962264150943,True,6.044287851075836,6.044287851075836,348,1.0,470,1.0
546,425,0.6106290672451193,True,3.7763087538395794,3.7763087538395794,922,1.0,563,1.0
545,426,0.66625,True,0.4752902968481867,0.4752902968481867,534,1.0,799,1.0
561,427,0.25806451612903225,False,,,775,1.0,200,1.0
551,428,0.6446280991735537,True,2.6576839385421485,2.6576839385421485,589,1.0,406,1.0
543,429,0.05103448275862069,False,,,37,1.0,725,1.0
554,430,0.8573692551505546,True,1.3471361769808123,1.3471361769808123,620,1.0,552,1.0
555,431,0.7619047619047619,True,1.6627653305369445,1.6627653305369445,202,1.0,205,1.0
557,432,0.8451986754966887,True,0.6866017487654561,0.6866017487654561,1177,1.0,1052,1.0
566,433,0.08932038834951456,False,,,1030,1.0,92,1.0
560,434,0.26373626373626374,False,,,364,1.0,96,1.0
206,435,0.0,False,,,303,1.0,206,1.0
209,436,0.0,False,,,237,1.0,107,1.0
212,437,0.0,False,,,310,1.0,119,1.0
568,438,0.8093645484949833,True,0.8306062209723766,0.8306062209723766,896,1.0,727,1.0
575,439,0.40336134453781514,True,6.859273009184559,6.859273009184559,472,1.0,196,1.0
570,440,0.6492622020431328,True,5.053165554368359,5.053165554368359,700,1.0,753,1.0
572,441,0.5336426914153132,True,2.0997125083003714,2.0997125083003714,431,1.0,230,1.0
571,442,0.8097643097643098,True,2.8095387061595583,2.8095387061595583,1113,1.0,1037,1.0
579,443,0.567193675889328,True,5.068204388438322,5.068204388438322,440,1.0,353,1.0
565,444,0.5936139332365747,True,6.235222332562571,6.235222332562571,452,1.0,646,1.0
573,445,0.758893280632411,True,2.356157750158856,2.356157750158856,493,1.0,397,1.0
577,446,0.45454545454545453,True,0.9552743936611522,0.9552743936611522,242,1.0,110,1.0
574,447,0.5115606936416185,True,5.0691668945763855,5.0691668945763855,212,1.0,311,1.0
576,448,0.8453105968331304,True,1.105266612291106,1.105266612291106,793,1.0,722,1.0
578,449,0.8797127468581688,True,1.266914662344551,1.266914662344551,520,1.0,527,1.0
581,450,0.6932367149758454,True,3.1856199026448193,3.1856199026448193,352,1.0,349,1.0
594,451,0.377431906614786,True,7.23573903202704,7.23573903202704,513,1.0,195,1.0
580,452,0.647787610619469,True,1.8895469613006097,1.8895469613006097,366,1.0,565,1.0
587,453,0.6603053435114504,True,0.3540164468107241,0.3540164468107241,262,1.0,173,1.0
588,454,0.6618181818181819,True,3.131873439339938,3.131873439339938,489,1.0,425,1.0
582,455,0.8058375634517766,True,1.6475552816492607,1.6475552816492607,660,1.0,763,1.0
584,456,0.5974025974025974,True,4.333772899566076,4.333772899566076,409,1.0,452,1.0
590,457,0.7120418848167539,True,2.596487023429113,2.596487023429113,463,1.0,518,1.0
585,458,0.6357039187227866,True,3.832110282823265,3.832110282823265,564,1.0,563,1.0
591,459,0.5655737704918032,True,2.5267565813588657,2.5267565813588657,386,1.0,378,1.0
586,460,0.4113636363636364,True,6.471522734566984,6.471522734566984,376,1.0,245,1.0
595,461,0.18640776699029127,False,,,515,1.0,96,1.0
214,462,0.0,False,,,639,1.0,110,1.0
593,463,0.6703125,True,4.634161553926937,4.634161553926937,458,1.0,611,1.0
602,464,0.5129310344827587,True,4.859915803626511,4.859915803626511,684,1.0,369,1.0
589,465,0.3905053598774885,True,5.870105603446725,5.870105603446725,255,1.0,653,1.0
599,466,0.6134453781512605,True,2.659739308376535,2.659739308376535,153,1.0,231,1.0
605,467,0.6766917293233082,True,3.0743290534943686,3.0743290534943686,304,1.0,365,1.0
606,468,0.7724425887265136,True,1.0745072475570943,1.0745072475570943,477,1.0,372,1.0
607,469,0.6148346738159071,True,4.48744437293059,4.48744437293059,1102,1.0,705,1.0
609,470,0.692967409948542,True,4.2240043537024405,4.2240043537024405,491,1.0,496,1.0
613,471,0.40752351097178685,True,2.601125787242664,2.601125787242664,319,1.0,130,1.0
220,472,0.0,False,,,575,1.0,116,1.0
224,473,0.0,False,,,292,1.0,451,1.0
225,474,0.0,False,,,684,1.0,80,1.0
624,475,0.4670255720053836,True,8.726526597567625,8.726526597567625,565,1.0,525,1.0
611,476,0.6876790830945558,True,3.091095633901864,3.091095633901864,285,1.0,304,1.0
615,477,0.7643835616438356,True,2.006589204703996,2.006589204703996,343,1.0,301,1.0
610,478,0.39396984924623113,True,5.100987678970217,5.100987678970217,433,1.0,954,1.0
226,479,0.0,False,,,73,1.0,367,1.0
621,480,0.8846715328467153,True,1.1356727283140546,1.1356727283140546,672,1.0,619,1.0
622,481,0.649706457925636,True,0.8559276501120737,0.8559276501120737,339,1.0,504,1.0
620,482,0.45657015590200445,True,9.096653819203404,9.096653819203404,670,1.0,638,1.0
229,483,0.0,False,,,48,1.0,191,1.0
625,484,0.616,True,7.013280090112385,7.013280090112385,806,1.0,608,1.0
614,485,0.5718194254445964,True,6.453412642700175,6.453412642700175,422,1.0,727,1.0
627,486,0.6504559270516718,True,1.4543537961801667,1.4543537961801667,961,1.0,668,1.0
230,487,0.0,False,,,123,1.0,40,1.0
633,488,0.695852534562212,True,1.8428886355214262,1.8428886355214262,434,1.0,302,1.0
630,489,0.6041486603284356,True,4.882899402999818,4.882899402999818,985,1.0,871,1.0
632,490,0.14736842105263157,False,,,46,1.0,172,1.0
233,491,0.0,False,,,177,1.0,500,1.0
628,492,0.3767885532591415,True,5.562565679855776,5.562565679855776,269,1.0,597,1.0
639,493,0.2853185595567867,False,,,358,1.0,106,1.0
634,494,0.392018779342723,True,4.958192910396026,4.958192910396026,294,1.0,299,1.0
629,495,0.4283121597096189,True,0.7685847453674535,0.7685847453674535,243,1.0,544,1.0
641,496,0.6931407942238267,True,2.6291641665046304,2.6291641665046304,498,1.0,440,1.0
638,497,0.7195767195767195,True,1.2063231554037679,1.2063231554037679,183,1.0,142,1.0
645,498,0.5328798185941043,True,3.830475680765205,3.830475680765205,340,1.0,336,1.0
636,499,0.3108108108108108,True,1.9779503760384267,1.9779503760384267,138,1.0,444,1.0
646,500,0.6310272536687631,True,1.8097841447810656,1.8097841447810656,477,1.0,301,1.0
237,501,0.0,False,,,326,1.0,234,1.0
649,502,0.511340206185567,True,5.011528880955398,5.011528880955398,475,1.0,258,1.0
244,503,0.0,False,,,399,1.0,885,1.0
652,504,0.012919896640826873,False,,,147,1.0,245,1.0
651,505,0.6417910447761194,True,4.622692962759438,4.622692962759438,381,1.0,499,1.0
637,506,0.10123456790123457,False,,,189,1.0,703,1.0
238,507,0.0,False,,,44,1.0,252,1.0
654,508,0.6320754716981132,True,2.849431779224435,2.849431779224435,299,1.0,220,1.0
656,509,0.4291845493562232,True,6.267111694088496,6.267111694088496,465,1.0,201,1.0
653,510,0.7063492063492064,True,1.5855362883874502,1.5855362883874502,337,1.0,308,1.0
657,511,0.8844221105527639,True,0.1441448833609048,0.1441448833609048,556,1.0,569,1.0
655,512,0.588470776621297,True,6.454334321842503,6.454334321842503,823,1.0,1161,1.0
647,513,0.5068807339449541,True,10.313008220201697,10.313008220201697,603,1.0,711,1.0
658,514,0.7123287671232876,True,2.536342574105568,2.536342574105568,407,1.0,343,1.0
669,515,0.11448140900195694,False,,,340,1.0,799,1.0
663,516,0.5826086956521739,True,3.6175715911286805,3.6175715911286805,203,1.0,161,1.0
668,517,0.44947735191637633,True,4.0299168436826,4.0299168436826,848,1.0,400,1.0
665,518,0.8582677165354331,True,1.4310248089419988,1.4310248089419988,486,1.0,458,1.0
667,519,0.903435468895079,True,0.5385193196369071,0.5385193196369071,995,1.0,1055,1.0
239,520,0.0,False,,,424,1.0,389,1.0
661,521,0.0062266500622665,False,,,307,1.0,501,1.0
240,522,0.0,False,,,334,1.0,548,1.0
670,523,0.3427362482369535,True,7.967888907759368,7.967888907759368,262,1.0,690,1.0
242,524,0.0,False,,,202,1.0,162,1.0
689,525,0.5013227513227513,True,6.063644972018764,6.063644972018764,660,1.0,475,1.0
687,526,0.4194961664841183,True,10.944635447944313,10.944635447944313,856,1.0,440,1.0
666,527,0.6384615384615384,True,2.3368976149895797,2.3368976149895797,582,1.0,909,1.0
671,528,0.5058823529411764,True,2.363102945346301,2.363102945346301,425,1.0,215,1.0
673,529,0.7713248638838476,True,2.473212138139158,2.473212138139158,475,1.0,501,1.0
672,530,0.5842105263157895,True,2.8147691273650812,2.8147691273650812,1276,1.0,831,1.0
243,531,0.0,False,,,235,1.0,187,1.0
677,532,0.6253443526170799,True,1.0000295326935829,1.0000295326935829,363,1.0,227,1.0
680,533,0.30363036303630364,True,9.126445419846954,9.126445419846954,130,1.0,265,1.0
683,534,0.36551724137931035,True,10.851607669871852,10.851607669871852,535,1.0,455,1.0
679,535,0.6041397153945667,True,4.401367555128107,4.401367555128107,548,1.0,692,1.0
681,536,0.4601910828025478,True,6.288268295160258,6.288268295160258,415,1.0,502,1.0
688,537,0.6542239685658153,True,3.70043735663918,3.70043735663918,440,1.0,402,1.0
660,538,0.08620689655172414,False,,,227,1.0,592,1.0
686,539,0.22653721682847897,False,,,361,1.0,397,1.0
246,540,0.0,False,,,190,1.0,128,1.0
694,541,0.6661290322580645,True,3.3656457039765537,3.3656457039765537,528,1.0,505,1.0
685,542,0.7404255319148936,True,1.171459551009958,1.171459551009958,225,1.0,184,1.0
704,543,0.5404191616766467,True,6.711524924117257,6.711524924117257,631,1.0,398,1.0
692,544,0.6910112359550562,True,1.695541662697855,1.695541662697855,163,1.0,138,1.0
693,545,0.5226130653266332,True,0.5323056704104216,0.5323056704104216,398,1.0,208,1.0
674,546,0.19653179190751446,False,,,122,1.0,499,1.0
690,547,0.7249417249417249,True,2.753641593130309,2.753641593130309,401,1.0,339,1.0
676,548,0.19054441260744986,False,,,133,1.0,698,1.0
675,549,0.2517289073305671,False,,,517,1.0,388,1.0
245,550,0.0,False,,,245,1.0,107,1.0
697,551,0.6440677966101694,True,1.7730135526314814,1.7730135526314814,349,1.0,233,1.0
701,552,0.49645390070921985,True,0.5448157793984613,0.5448157793984613,564,1.0,280,1.0
698,553,0.6945945945945946,True,2.4339716306892205,2.4339716306892205,290,1.0,337,1.0
695,554,0.6902927580893683,True,1.4764119994777345,1.4764119994777345,644,1.0,453,1.0
705,555,0.42917675544794187,True,7.361220490844882,7.361220490844882,1648,1.0,713,1.0
696,556,0.8111111111111111,True,1.614868820830096,1.614868820830096,521,1.0,620,1.0
247,557,0.0,False,,,87,1.0,104,1.0
702,558,0.654843110504775,True,1.998187156259798,1.998187156259798,733,1.0,480,1.0
700,559,0.7496580027359782,True,1.535908706346131,1.535908706346131,721,1.0,558,1.0
706,560,0.6065573770491803,True,2.7407493126192604,2.7407493126192604,242,1.0,248,1.0
249,561,0.0,False,,,189,1.0,181,1.0
699,562,0.5394088669950738,True,0.4751954824997906,0.4751954824997906,219,1.0,406,1.0
707,563,0.8044444444444444,True,1.2113285470509532,1.2113285470509532,367,1.0,445,1.0
708,564,0.8522483940042827,True,0.618315499972558,0.618315499972558,463,1.0,402,1.0
691,565,0.21577380952380953,False,,,522,1.0,295,1.0
709,566,0.6173361522198731,True,1.2406000321604567,1.2406000321604567,303,1.0,462,1.0
717,567,0.5776173285198556,True,2.7572968554543804,2.7572968554543804,554,1.0,320,1.0
714,568,0.3531827515400411,True,12.222361040573894,12.222361040573894,1416,1.0,561,1.0
711,569,0.8542857142857143,True,0.9505080279952027,0.9505080279952027,685,1.0,613,1.0
722,570,0.39285714285714285,True,6.660942351428253,6.660942351428253,248,1.0,142,1.0
723,571,0.43919716646989376,True,9.358763593227229,9.358763593227229,588,1.0,631,1.0
710,572,0.6052631578947368,True,2.0485379594278714,2.0485379594278714,386,1.0,590,1.0
716,573,0.771117166212534,True,2.3460256324293485,2.3460256324293485,343,1.0,307,1.0
718,574,0.5981735159817352,True,3.1685651688567456,3.1685651688567456,343,1.0,357,1.0
721,575,0.7904929577464789,True,2.224737036823279,2.224737036823279,515,1.0,502,1.0
719,576,0.7137096774193549,True,1.5565563137196958,1.5565563137196958,248,1.0,177,1.0
720,577,0.7738095238095238,True,0.6198847882366805,0.6198847882366805,684,1.0,806,1.0
713,578,0.26718547341115434,False,,,210,1.0,767,1.0
251,579,0.0,False,,,372,1.0,308,1.0
725,580,0.5724137931034483,True,5.210561958899062,5.210561958899062,573,1.0,567,1.0
252,581,0.0,False,,,74,1.0,21,1.0
731,582,0.6027874564459931,True,2.8242826638110587,2.8242826638110587,563,1.0,357,1.0
727,583,0.7936772046589018,True,0.7691095378038534,0.7691095378038534,601,1.0,477,1.0
733,584,0.853195164075993,True,0.9081956105953278,0.9081956105953278,556,1.0,517,1.0
253,585,0.0,False,,,180,1.0,182,1.0
734,586,0.5476190476190477,True,2.5698476551422273,2.5698476551422273,398,1.0,252,1.0
732,587,0.36486486486486486,True,6.70645973713742,6.70645973713742,162,1.0,444,1.0
736,588,0.803076923076923,True,1.8160636325355135,1.8160636325355135,267,1.0,319,1.0
724,589,0.4762773722627737,True,3.844334338186386,3.844334338186386,264,1.0,545,1.0
266,590,0.0,False,,,356,1.0,521,1.0
254,591,0.0,False,,,524,1.0,93,1.0
735,592,0.3155487804878049,True,7.225515157666127,7.225515157666127,247,1.0,616,1.0
255,593,0.0,False,,,541,1.0,107,1.0
743,594,0.6647940074906367,True,3.684146051564253,3.684146051564253,488,1.0,401,1.0
742,595,0.8472803347280334,True,1.424668145454461,1.424668145454461,425,1.0,458,1.0
738,596,0.52046783625731,True,3.5818779002718135,3.5818779002718135,182,1.0,338,1.0
739,597,0.5462962962962963,True,1.5384392335995467,1.5384392335995467,118,1.0,216,1.0
741,598,0.5319148936170213,True,2.9964083392058223,2.9964083392058223,194,1.0,310,1.0
753,599,0.4394250513347023,True,9.940049814393467,9.940049814393467,1189,1.0,914,1.0
751,600,0.5505226480836237,True,5.028867483041849,5.028867483041849,530,1.0,360,1.0
747,601,0.8347934918648311,True,1.6209154734434237,1.6209154734434237,720,1.0,746,1.0
744,602,0.19261213720316622,False,,,131,1.0,321,1.0
261,603,0.0,False,,,230,1.0,529,1.0
750,604,0.6591276252019386,True,3.3817872603870223,3.3817872603870223,552,1.0,475,1.0
729,605,0.25188536953242835,False,,,195,1.0,635,1.0
749,606,0.8065173116089613,True,0.996067062914044,0.996067062914044,478,1.0,409,1.0
745,607,0.6138613861386139,True,2.02863040809398,2.02863040809398,427,1.0,388,1.0
275,608,0.0,False,,,257,1.0,342,1.0
262,609,0.0,False,,,45,1.0,119,1.0
754,610,0.4794007490636704,True,0.8366443182854678,0.8366443182854678,129,1.0,266,1.0
265,611,0.0,False,,,134,1.0,156,1.0
737,612,0.4116279069767442,True,10.48249226581208,10.48249226581208,443,1.0,771,1.0
268,613,0.0,False,,,103,1.0,169,1.0
759,614,0.8135313531353136,True,1.8250172009115129,1.8250172009115129,557,1.0,542,1.0
758,615,0.5163398692810458,True,5.760550093623074,5.760550093623074,419,1.0,277,1.0
784,616,0.32228218966846567,True,15.13609233356955,15.13609233356955,1280,1.0,435,1.0
764,617,0.3324607329842932,True,6.069992131604894,6.069992131604894,350,1.0,159,1.0
763,618,0.3243574051407589,True,9.584546743108728,9.584546743108728,318,1.0,764,1.0
773,619,0.3113087674714104,True,12.1498793947574,12.1498793947574,594,1.0,438,1.0
760,620,0.3473684210526316,True,7.491477888911209,7.491477888911209,312,1.0,200,1.0
757,621,0.3119533527696793,True,5.713884246107783,5.713884246107783,215,1.0,685,1.0
767,622,0.35150375939849626,True,10.447635833465538,10.447635833465538,291,1.0,428,1.0
756,623,0.49183673469387756,True,4.863134866520616,4.863134866520616,265,1.0,466,1.0
771,624,0.7364217252396166,True,2.7547310445530973,2.7547310445530973,585,1.0,502,1.0
775,625,0.8130217028380634,True,0.924131779248437,0.924131779248437,595,1.0,491,1.0
774,626,0.6544622425629291,True,1.4946819051768276,1.4946819051768276,286,1.0,437,1.0
778,627,0.625748502994012,True,3.7343009793493804,3.7343009793493804,582,1.0,504,1.0
269,628,0.0,False,,,284,1.0,433,1.0
273,629,0.0,False,,,75,1.0,21,1.0
776,630,0.325626204238921,True,5.280703299793291,5.280703299793291,169,1.0,519,1.0
782,631,0.8412438625204582,True,1.2453263923269893,1.2453263923269893,596,1.0,529,1.0
785,632,0.575,True,4.727075018740993,4.727075018740993,599,1.0,409,1.0
786,633,0.4792243767313019,True,4.571195712675701,4.571195712675701,322,1.0,212,1.0
787,634,0.6788732394366197,True,1.8708082221093738,1.8708082221093738,484,1.0,708,1.0
783,635,0.4888268156424581,True,3.995483222626096,3.995483222626096,248,1.0,285,1.0
781,636,0.6184486373165619,True,4.478028519002922,4.478028519002922,359,1.0,413,1.0
788,637,0.755656108597285,True,2.721012439288119,2.721012439288119,564,1.0,600,1.0
276,638,0.0,False,,,187,1.0,103,1.0
278,639,0.0,False,,,271,1.0,370,1.0
798,640,0.4556701030927835,True,2.43491241887528,2.43491241887528,380,1.0,326,1.0
795,641,0.35855263157894735,True,4.826710526875301,4.826710526875301,468,1.0,358,1.0
796,642,0.7440758293838863,True,3.420633182238708,3.420633182238708,560,1.0,544,1.0
794,643,0.6012658227848101,True,2.7544618168360246,2.7544618168360246,111,1.0,142,1.0
791,644,0.5163934426229508,True,1.46980406611824,1.46980406611824,252,1.0,488,1.0
801,645,0.7073707370737073,True,1.79156741859573,1.79156741859573,813,1.0,739,1.0
804,646,0.6958105646630237,True,1.520682063968025,1.520682063968025,549,1.0,382,1.0
797,647,0.7600459242250287,True,1.7537741159498745,1.7537741159498745,840,1.0,693,1.0
815,648,0.38764044943820225,True,8.8303030539703,8.8303030539703,488,1.0,253,1.0
800,649,0.7653429602888087,True,1.1198793535204086,1.1198793535204086,249,1.0,240,1.0
799,650,0.7849624060150376,True,0.5351345371202535,0.5351345371202535,566,1.0,621,1.0
802,651,0.7527675276752768,True,1.3568592012518674,1.3568592012518674,495,1.0,455,1.0
280,652,0.0,False,,,286,1.0,381,1.0
282,653,0.0,False,,,183,1.0,240,1.0
290,654,0.0,False,,,290,1.0,235,1.0
810,655,0.7017241379310345,True,2.733469078547153,2.733469078547153,510,1.0,477,1.0
812,656,0.29534883720930233,False,,,314,1.0,800,1.0
817,657,0.44664031620553357,True,6.941342582611098,6.941342582611098,320,1.0,412,1.0
292,658,0.0,False,,,57,1.0,136,1.0
821,659,0.7653061224489796,True,1.9565184065037873,1.9565184065037873,649,1.0,735,1.0
820,660,0.8152327221438646,True,0.8397594883896111,0.8397594883896111,705,1.0,582,1.0
816,661,0.6657534246575343,True,2.358267402343637,2.358267402343637,334,1.0,274,1.0
822,662,0.38372093023255816,True,1.464864861843242,1.464864861843242,258,1.0,99,1.0
818,663,0.7647058823529411,True,1.6163501028128846,1.6163501028128846,612,1.0,468,1.0
303,664,0.0,False,,,545,1.0,387,1.0
805,665,0.45866141732283466,True,5.327276345720912,5.327276345720912,235,1.0,506,1.0
827,666,0.6422535211267606,True,1.3623935319396656,1.3623935319396656,708,1.0,458,1.0
304,667,0.0,False,,,82,1.0,273,1.0
807,668,0.20689655172413793,False,,,90,1.0,435,1.0
823,669,0.7393364928909952,True,2.719758222062889,2.719758222062889,395,1.0,339,1.0
824,670,0.30303030303030304,True,2.8769198044534523,2.8769198044534523,52,1.0,120,1.0
830,671,0.6881720430107527,True,1.7182628977594898,1.7182628977594898,425,1.0,360,1.0
834,672,0.6464968152866242,True,1.2452396707487714,1.2452396707487714,313,1.0,204,1.0
811,673,0.43156199677938806,True,6.550254864354745,6.550254864354745,318,1.0,571,1.0
831,674,0.4794520547945205,True,4.114587916119935,4.114587916119935,175,1.0,365,1.0
819,675,0.4509493670886076,True,1.6287302861802953,1.6287302861802953,285,1.0,632,1.0
828,676,0.802547770700637,True,0.5492651823634382,0.5492651823634382,135,1.0,148,1.0
833,677,0.7946859903381642,True,0.8256266278794303,0.8256266278794303,332,1.0,411,1.0
829,678,0.01422475106685633,False,,,149,1.0,564,1.0
840,679,0.5089108910891089,True,7.247042502299362,7.247042502299362,331,1.0,431,1.0
835,680,0.3555956678700361,True,6.3417973235743945,6.3417973235743945,460,1.0,291,1.0
841,681,0.5448275862068965,True,2.4454481402699026,2.4454481402699026,269,1.0,179,1.0
838,682,0.7338003502626971,True,2.906214643651858,2.906214643651858,510,1.0,480,1.0
837,683,0.5346820809248555,True,5.254735125417531,5.254735125417531,302,1.0,229,1.0
836,684,0.34972677595628415,True,2.2280914199431967,2.2280914199431967,64,1.0,183,1.0
845,685,0.7046632124352331,True,2.2343337935231338,2.2343337935231338,371,1.0,287,1.0
847,686,0.916058394160584,True,0.30910306128638115,0.30910306128638115,547,1.0,503,1.0
842,687,0.48209099709583736,True,6.764628261608334,6.764628261608334,769,1.0,762,1.0
848,688,0.8362183754993342,True,0.8282440711927422,0.8282440711927422,677,1.0,702,1.0
850,689,0.6606851549755302,True,3.6671192162313777,3.6671192162313777,445,1.0,573,1.0
854,690,0.7454128440366973,True,1.899554872805838,1.899554872805838,418,1.0,343,1.0
846,691,0.30904522613065327,True,7.041535643290175,7.041535643290175,292,1.0,229,1.0
307,692,0.0,False,,,125,1.0,323,1.0
856,693,0.5528913963328632,True,7.3857607260186695,7.3857607260186695,502,1.0,599,1.0
857,694,0.26273458445040215,False,,,167,1.0,304,1.0
308,695,0.0,False,,,118,1.0,134,1.0
318,696,0.0,False,,,35,1.0,245,1.0
882,697,0.4287548138639281,True,11.710540645286098,11.710540645286098,742,1.0,371,1.0
862,698,0.6597353497164461,True,3.2454638916677157,3.2454638916677157,511,1.0,367,1.0
861,699,0.4517241379310345,True,4.248286529972575,4.248286529972575,290,1.0,131,1.0
867,700,0.3896551724137931,True,11.52693044482408,11.52693044482408,325,1.0,481,1.0
324,701,0.0,False,,,146,1.0,714,1.0
863,702,0.353322528363047,True,7.62943943901454,7.62943943901454,306,1.0,529,1.0
864,703,0.6939655172413793,True,1.6347702233681516,1.6347702233681516,226,1.0,167,1.0
873,704,0.3187250996015936,True,3.9799584240730876,3.9799584240730876,238,1.0,93,1.0
866,705,0.42420937840785167,True,8.558024843001755,8.558024843001755,581,1.0,725,1.0
871,706,0.5580524344569289,True,0.36144937243435854,0.36144937243435854,534,1.0,298,1.0
865,707,0.7364217252396166,True,1.790816359519637,1.790816359519637,462,1.0,625,1.0
327,708,0.0,False,,,228,1.0,392,1.0
868,709,0.6265060240963856,True,0.9422721915670313,0.9422721915670313,77,1.0,58,1.0
870,710,0.6612426035502958,True,4.156376919506964,4.156376919506964,530,1.0,593,1.0
891,711,0.376158940397351,True,7.165289279843201,7.165289279843201,755,1.0,284,1.0
869,712,0.5166461159062885,True,4.926880141747393,4.926880141747393,481,1.0,749,1.0
328,713,0.0,False,,,100,1.0,1117,1.0
875,714,0.6217054263565891,True,4.635059135555633,4.635059135555633,500,1.0,546,1.0
880,715,0.806282722513089,True,0.7441777148568575,0.7441777148568575,571,1.0,464,1.0
884,716,0.7465181058495822,True,1.0794424265803753,1.0794424265803753,704,1.0,550,1.0
883,717,0.4014732965009208,True,5.203619468304203,5.203619468304203,535,1.0,226,1.0
890,718,0.38765432098765434,True,3.8675753073549144,3.8675753073549144,365,1.0,197,1.0
879,719,0.32558139534883723,True,9.762968695488071,9.762968695488071,271,1.0,812,1.0
341,720,0.0,False,,,398,1.0,112,1.0
331,721,0.0,False,,,376,1.0,456,1.0
332,722,0.0,False,,,232,1.0,87,1.0
887,723,0.47075208913649025,True,6.079545667630477,6.079545667630477,338,1.0,718,1.0
911,724,0.012048192771084338,False,,,245,1.0,175,1.0
889,725,0.3667711598746082,True,6.719489915864052,6.719489915864052,144,1.0,292,1.0
888,726,0.2873015873015873,False,,,181,1.0,630,1.0
893,727,0.8288973384030418,True,0.9033276743677188,0.9033276743677188,218,1.0,263,1.0
896,728,0.6666666666666666,True,1.9393169813790399,1.9393169813790399,209,1.0,161,1.0
333,729,0.0,False,,,296,1.0,228,1.0
895,730,0.25245441795231416,False,,,208,1.0,685,1.0
336,731,0.0,False,,,692,1.0,574,1.0
897,732,0.7973421926910299,True,1.2401786041165075,1.2401786041165075,265,1.0,276,1.0
912,733,0.22549019607843138,False,,,460,1.0,790,1.0
905,734,0.7193877551020408,True,1.4913696753136048,1.4913696753136048,364,1.0,310,1.0
904,735,0.43211334120425027,True,10.667137761416662,10.667137761416662,594,1.0,619,1.0
902,736,0.7012448132780082,True,2.1899477328599644,2.1899477328599644,378,1.0,442,1.0
337,737,0.0,False,,,163,1.0,217,1.0
338,738,0.0,False,,,194,1.0,174,1.0
906,739,0.8757861635220126,True,0.43888667807322745,0.43888667807322745,634,1.0,559,1.0
901,740,0.5727272727272728,True,1.5257019689776394,1.5257019689776394,128,1.0,218,1.0
345,741,0.0,False,,,293,1.0,84,1.0
915,742,0.4922737306843267,True,6.051676365740084,6.051676365740084,281,1.0,395,1.0
914,743,0.5502471169686985,True,2.098739709768837,2.098739709768837,348,1.0,593,1.0
340,744,0.0,False,,,111,1.0,309,1.0
907,745,0.38768115942028986,True,2.717878014401711,2.717878014401711,107,1.0,276,1.0
903,746,0.4250720461095101,True,1.6868962958612381,1.6868962958612381,295,1.0,694,1.0
925,747,0.2956521739130435,False,,,575,1.0,170,1.0
344,748,0.0,False,,,277,1.0,217,1.0
919,749,0.6585365853658537,True,3.4604953894498127,3.4604953894498127,355,1.0,529,1.0
351,750,0.0,False,,,279,1.0,98,1.0
918,751,0.8336177474402731,True,3.294250765245453,3.294250765245453,1061,1.0,1088,1.0
933,752,0.3245967741935484,True,7.333008504983512,7.333008504983512,302,1.0,355,1.0
930,753,0.4953560371517028,True,3.707149446373282,3.707149446373282,222,1.0,261,1.0
908,754,0.43471810089020774,True,6.036537400383598,6.036537400383598,311,1.0,656,1.0
929,755,0.4588235294117647,True,6.067242399165291,6.067242399165291,333,1.0,287,1.0
926,756,0.562390158172232,True,3.1947026078053966,3.1947026078053966,368,1.0,521,1.0
913,757,0.28316326530612246,False,,,222,1.0,784,1.0
924,758,0.5570469798657718,True,5.876071092063552,5.876071092063552,533,1.0,395,1.0
932,759,0.3239795918367347,True,9.58335576929755,9.58335576929755,521,1.0,517,1.0
920,760,0.4764044943820225,True,0.4932442057302189,0.4932442057302189,227,1.0,430,1.0
921,761,0.2768817204301075,False,,,160,1.0,315,1.0
927,762,0.516,True,3.786049602387055,3.786049602387055,466,1.0,292,1.0
928,763,0.29853181076672103,False,,,190,1.0,606,1.0
349,764,0.0,False,,,240,1.0,341,1.0
931,765,0.4307178631051753,True,3.5585461373573706,3.5585461373573706,453,1.0,404,1.0
944,766,0.27246376811594203,False,,,345,1.0,94,1.0
937,767,0.7045735475896168,True,3.646297245169467,3.646297245169467,702,1.0,677,1.0
949,768,0.0774818401937046,False,,,384,1.0,951,1.0
942,769,0.4140625,True,4.339039780795176,4.339039780795176,593,1.0,312,1.0
364,770,0.0,False,,,91,1.0,120,1.0
938,771,0.43174603174603177,True,4.5356726660298765,4.5356726660298765,137,1.0,314,1.0
941,772,0.4793650793650794,True,5.492398616534279,5.492398616534279,410,1.0,522,1.0
368,773,0.0,False,,,181,1.0,193,1.0
369,774,0.0,False,,,305,1.0,117,1.0
370,775,0.0,False,,,355,1.0,214,1.0
936,776,0.26976744186046514,False,,,174,1.0,645,1.0
375,777,0.0,False,,,81,1.0,169,1.0
950,778,0.2686084142394822,False,,,618,1.0,166,1.0
379,779,0.0,False,,,207,1.0,290,1.0
376,780,0.0,False,,,325,1.0,618,1.0
948,781,0.8071625344352618,True,2.233658266551705,2.233658266551705,1041,1.0,927,1.0
945,782,0.29577464788732394,False,,,89,1.0,279,1.0
956,783,0.5403726708074534,True,3.0928682582655846,3.0928682582655846,233,1.0,263,1.0
955,784,0.46814814814814815,True,6.790660161559194,6.790660161559194,616,1.0,375,1.0
961,785,0.5704989154013015,True,3.8455173120667663,3.8455173120667663,409,1.0,315,1.0
940,786,0.4213903743315508,True,10.233765226791713,10.233765226791713,613,1.0,716,1.0
960,787,0.5702364394993046,True,3.727774261339571,3.727774261339571,706,1.0,423,1.0
953,788,0.3601340033500838,True,2.190517422036704,2.190517422036704,215,1.0,597,1.0
977,789,0.3414364640883978,True,9.2346817103181,9.2346817103181,785,1.0,429,1.0
377,790,0.0,False,,,70,1.0,313,1.0
954,791,0.06851311953352769,False,,,160,1.0,573,1.0
963,792,0.4407643312101911,True,5.042098214635137,5.042098214635137,754,1.0,377,1.0
973,793,0.15476190476190477,False,,,165,1.0,126,1.0
951,794,0.3786635404454865,True,5.784829605382603,5.784829605382603,385,1.0,791,1.0
972,795,0.37777777777777777,True,1.2636122313971163,1.2636122313971163,315,1.0,119,1.0
985,796,0.18875780707841777,False,,,976,1.0,737,1.0
388,797,0.0,False,,,86,1.0,216,1.0
995,798,0.23416506717850288,False,,,442,1.0,201,1.0
980,799,0.3236009732360097,True,9.868097102173131,9.868097102173131,293,1.0,251,1.0
987,800,0.4823321554770318,True,1.1237388231642502,1.1237388231642502,566,1.0,273,1.0
1001,801,0.3113425925925926,True,10.67181623694435,10.67181623694435,488,1.0,645,1.0
994,802,0.5232744783306581,True,0.748956110576852,0.748956110576852,591,1.0,358,1.0
983,803,0.6928783382789317,True,3.559559696995621,3.559559696995621,566,1.0,575,1.0
999,804,0.5546075085324232,True,5.426353214316909,5.426353214316909,461,1.0,450,1.0
989,805,0.6644444444444444,True,3.156185445880591,3.156185445880591,345,1.0,404,1.0
990,806,0.9137134052388289,True,0.9417578030233471,0.9417578030233471,599,1.0,643,1.0
996,807,0.64,True,1.2889670259267971,1.2889670259267971,278,1.0,214,1.0
986,808,0.756578947368421,True,2.2021790821115945,2.2021790821115945,494,1.0,574,1.0
997,809,0.5839793281653747,True,1.801959627027487,1.801959627027487,374,1.0,239,1.0
1004,810,0.7001594896331739,True,4.109664218712477,4.109664218712477,529,1.0,537,1.0
1009,811,0.437636761487965,True,4.430539562299503,4.430539562299503,281,1.0,376,1.0
998,812,0.5813609467455622,True,7.610610034624488,7.610610034624488,560,1.0,509,1.0
979,813,0.11428571428571428,False,,,80,1.0,583,1.0
390,814,0.0,False,,,161,1.0,250,1.0
1011,815,0.3338235294117647,True,6.815863193399991,6.815863193399991,640,1.0,267,1.0
1000,816,0.28830645161290325,False,,,143,1.0,496,1.0
1008,817,0.49065420560747663,True,4.612935231274756,4.612935231274756,246,1.0,392,1.0
1010,818,0.6295180722891566,True,1.606531841587885,1.606531841587885,260,1.0,281,1.0
1006,819,0.14345991561181434,False,,,150,1.0,392,1.0
1007,820,0.5658465991316932,True,4.257474942871826,4.257474942871826,627,1.0,455,1.0
1003,821,0.44545454545454544,True,6.198038347933923,6.198038347933923,390,1.0,723,1.0
1018,822,0.4744318181818182,True,3.001798447786412,3.001798447786412,264,1.0,255,1.0
1016,823,0.6384180790960452,True,3.9741423856521743,3.9741423856521743,360,1.0,510,1.0
1023,824,0.6153846153846154,True,5.004126643452716,5.004126643452716,502,1.0,443,1.0
1022,825,0.862776025236593,True,0.3336239394165175,0.3336239394165175,553,1.0,628,1.0
1014,826,0.5750962772785623,True,5.536066251479742,5.536066251479742,566,1.0,661,1.0
1025,827,0.6811594202898551,True,2.385984649103525,2.385984649103525,262,1.0,202,1.0
1028,828,0.5852459016393443,True,4.094457573777881,4.094457573777881,504,1.0,463,1.0
1017,829,0.24725274725274726,False,,,213,1.0,468,1.0
392,830,0.0,False,,,60,1.0,134,1.0
1019,831,0.09473684210526316,False,,,528,1.0,200,1.0
1031,832,0.6666666666666666,True,3.229366018506046,3.229366018506046,758,1.0,592,1.0
1024,833,0.3413705583756345,True,12.561221241646614,12.561221241646614,395,1.0,662,1.0
1029,834,0.42578125,True,3.272976024976841,3.272976024976841,123,1.0,242,1.0
1033,835,0.8277310924369747,True,0.8485066793418502,0.8485066793418502,201,1.0,234,1.0
1038,836,0.5911330049261084,True,4.514795353964084,4.514795353964084,391,1.0,255,1.0
1035,837,0.44368600682593856,True,4.709226203815309,4.709226203815309,425,1.0,844,1.0
1034,838,0.7512776831345827,True,4.4359461923670755,4.4359461923670755,463,1.0,565,1.0
1026,839,0.2372528616024974,False,,,329,1.0,860,1.0
1040,840,0.24946004319654427,False,,,490,1.0,667,1.0
399,841,0.0,False,,,218,1.0,85,1.0
1044,842,0.24549549549549549,False,,,212,1.0,341,1.0
401,843,0.0,False,,,597,1.0,165,1.0
1047,844,0.7541984732824427,True,0.13388455658623943,0.13388455658623943,494,1.0,655,1.0
1050,845,0.4035580524344569,True,9.951562453026076,9.951562453026076,747,1.0,752,1.0
1042,846,0.2268346923647146,False,,,413,1.0,1242,1.0
1051,847,0.24887892376681614,False,,,323,1.0,234,1.0
402,848,0.0,False,,,372,1.0,426,1.0
403,849,0.0,False,,,227,1.0,188,1.0
1053,850,0.275974025974026,False,,,581,1.0,205,1.0
1056,851,0.5,True,6.443246013893408,6.443246013893408,487,1.0,440,1.0
1060,852,0.43990384615384615,True,2.594340067935292,2.594340067935292,416,1.0,183,1.0
1058,853,0.5220667384284177,True,6.761705276536125,6.761705276536125,680,1.0,734,1.0
1055,854,0.7183908045977011,True,0.6160151860518087,0.6160151860518087,428,1.0,469,1.0
1059,855,0.6876907426246185,True,0.814558170189628,0.814558170189628,676,1.0,983,1.0
1062,856,0.6958041958041958,True,2.3987183695236785,2.3987183695236785,409,1.0,561,1.0
404,857,0.0,False,,,192,1.0,90,1.0
1064,858,0.8988603988603988,True,0.7825076078011092,0.7825076078011092,670,1.0,663,1.0
405,859,0.0,False,,,39,1.0,587,1.0
1061,860,0.6615969581749049,True,5.200580534517212,5.200580534517212,357,1.0,517,1.0
410,861,0.0,False,,,901,1.0,250,1.0
419,862,0.0,False,,,88,1.0,355,1.0
1070,863,0.5087378640776699,True,3.7764644184917207,3.7764644184917207,505,1.0,272,1.0
1073,864,0.4013605442176871,True,3.089801026433252,3.089801026433252,440,1.0,178,1.0
1072,865,0.8060344827586207,True,1.0426830206642683,1.0426830206642683,440,1.0,398,1.0
1082,866,0.4260614934114202,True,3.6855608565930162,3.6855608565930162,683,1.0,291,1.0
424,867,0.0,False,,,58,1.0,91,1.0
1079,868,0.5078864353312302,True,5.952986878978417,5.952986878978417,212,1.0,266,1.0
1078,869,0.8361344537815126,True,0.4643611800205118,0.4643611800205118,414,1.0,460,1.0
1071,870,0.5389221556886228,True,4.93612951634534,4.93612951634534,403,1.0,368,1.0
438,871,0.0,False,,,432,1.0,46,1.0
1084,872,0.6194895591647331,True,3.222588079401924,3.222588079401924,399,1.0,299,1.0
425,873,0.0,False,,,67,1.0,63,1.0
1083,874,0.5467836257309941,True,3.5867910318526146,3.5867910318526146,296,1.0,233,1.0
1085,875,0.8691588785046729,True,0.26875309468090125,0.26875309468090125,510,1.0,490,1.0
433,876,0.0,False,,,588,1.0,66,1.0
435,877,0.0,False,,,379,1.0,358,1.0
1089,878,0.6869409660107334,True,3.6212398665381955,3.6212398665381955,483,1.0,460,1.0
1093,879,0.22563176895306858,False,,,209,1.0,470,1.0
1090,880,0.720226843100189,True,2.618726693918007,2.618726693918007,442,1.0,468,1.0
1092,881,0.3469387755102041,True,5.233049826470107,5.233049826470107,69,1.0,195,1.0
1101,882,0.2261904761904762,False,,,336,1.0,76,1.0
1086,883,0.3989071038251366,True,10.149282578050457,10.149282578050457,542,1.0,1250,1.0
444,884,0.0,False,,,459,1.0,235,1.0
1097,885,0.4154228855721393,True,12.150268447186383,12.150268447186383,491,1.0,647,1.0
447,886,0.0,False,,,99,1.0,22,1.0
1095,887,0.667375132837407,True,2.1076322813405226,2.1076322813405226,652,1.0,917,1.0
452,888,0.0,False,,,152,1.0,158,1.0
1096,889,0.4669926650366748,True,6.364009766745903,6.364009766745903,297,1.0,303,1.0
1100,890,0.46153846153846156,True,6.832667031559905,6.832667031559905,322,1.0,210,1.0
1103,891,0.5728987993138936,True,5.852198125059078,5.852198125059078,412,1.0,505,1.0
1098,892,0.6633416458852868,True,2.759769126694363,2.759769126694363,367,1.0,300,1.0
1099,893,0.6714697406340058,True,2.384919173343791,2.384919173343791,277,1.0,303,1.0
1105,894,0.39039039039039036,True,7.845301859389258,7.845301859389258,214,1.0,249,1.0
1107,895,0.5083655083655083,True,2.09834087734449,2.09834087734449,777,1.0,395,1.0
453,896,0.0,False,,,344,1.0,113,1.0
1108,897,0.5091863517060368,True,2.586352153903348,2.586352153903348,351,1.0,224,1.0
456,898,0.0,False,,,477,1.0,267,1.0
1111,899,0.28298887122416533,False,,,624,1.0,183,1.0
1113,900,0.5091210613598673,True,6.191809972285479,6.191809972285479,463,1.0,447,1.0
1118,901,0.14814814814814814,False,,,507,1.0,113,1.0
1116,902,0.4709897610921502,True,5.480452875965745,5.480452875965745,806,1.0,487,1.0
1109,903,0.4005080440304826,True,9.90570549727115,9.90570549727115,1144,0.9930555555555556,510,1.0
1110,904,0.5320945945945946,True,6.6713948802142475,6.6713948802142475,443,1.0,464,1.0
1117,905,0.7330508474576272,True,3.059929742789885,3.059929742789885,811,1.0,825,1.0
1114,906,0.6661807580174927,True,4.212011750455099,4.212011750455099,598,1.0,545,1.0
1120,907,0.4804597701149425,True,5.948650536003396,5.948650536003396,373,1.0,271,1.0
1123,908,0.555956678700361,True,2.0491000897431495,2.0491000897431495,275,1.0,156,1.0
1122,909,0.7156105100463679,True,2.0579891528057175,2.0579891528057175,526,1.0,584,1.0
1119,910,0.5779816513761468,True,0.821950198415107,0.821950198415107,190,1.0,326,1.0
1121,911,0.4543010752688172,True,2.2943717143512066,2.2943717143512066,170,1.0,371,1.0
1127,912,0.7793190416141236,True,3.7546948568141483,3.7546948568141483,640,1.0,771,1.0
1125,913,0.3489583333333333,True,12.777583999793494,12.777583999793494,344,1.0,951,1.0
1131,914,0.6123348017621145,True,4.4471017151447505,4.4471017151447505,543,1.0,555,1.0
1130,915,0.33760683760683763,True,8.702361603510056,8.702361603510056,303,1.0,636,1.0
1138,916,0.6550387596899225,True,3.431768999140046,3.431768999140046,501,1.0,353,1.0
458,917,0.0,False,,,185,1.0,803,1.0
1135,918,0.3611111111111111,True,5.914986600657509,5.914986600657509,189,1.0,301,1.0
1134,919,0.3848101265822785,True,8.880596737234866,8.880596737234866,166,1.0,381,1.0
462,920,0.0,False,,,194,1.0,105,1.0
1142,921,0.36774193548387096,True,8.43085438714766,8.43085438714766,286,1.0,562,1.0
1136,922,0.5189873417721519,True,4.183830965866212,4.183830965866212,207,1.0,273,1.0
1141,923,0.4081081081081081,True,5.118760278155802,5.118760278155802,346,1.0,175,1.0
1147,924,0.6558891454965358,True,2.02828974472277,2.02828974472277,865,1.0,569,1.0
1145,925,0.3089430894308943,True,6.562891328043599,6.562891328043599,354,1.0,129,1.0
1140,926,0.5062761506276151,True,4.07617473838736,4.07617473838736,484,1.0,956,1.0
1144,927,0.9446308724832215,True,0.17887501730567051,0.17887501730567051,582,1.0,577,1.0
1149,928,0.789308176100629,True,1.8731177185672185,1.8731177185672185,554,1.0,584,1.0
1151,929,0.825,True,1.35160119336588,1.35160119336588,382,1.0,421,1.0
1143,930,0.6272727272727273,True,2.2116188897036877,2.2116188897036877,251,1.0,286,1.0
1137,931,0.006546644844517185,False,,,178,1.0,437,1.0
1152,932,0.585081585081585,True,3.6548802676962704,3.6548802676962704,318,1.0,362,1.0
463,933,0.0,False,,,568,1.0,370,1.0
1162,934,0.4426751592356688,True,5.006352942960084,5.006352942960084,193,1.0,260,1.0
1154,935,0.39330543933054396,True,6.92231236996307,6.92231236996307,415,1.0,584,1.0
464,936,0.0,False,,,268,1.0,494,1.0
1156,937,0.3157894736842105,True,7.862467911084088,7.862467911084088,154,1.0,321,1.0
1168,938,0.6341059602649006,True,5.114929845138472,5.114929845138472,562,1.0,425,1.0
1169,939,0.1642512077294686,False,,,207,1.0,34,1.0
465,940,0.0,False,,,241,1.0,345,1.0
1164,941,0.4383561643835616,True,5.0264377045607125,5.0264377045607125,275,1.0,460,1.0
1166,942,0.4978902953586498,True,3.431936135828136,3.431936135828136,149,1.0,206,1.0
1161,943,0.19723865877712032,False,,,270,1.0,337,1.0
1167,944,0.5297906602254429,True,6.732772133114619,6.732772133114619,399,1.0,551,1.0
1160,945,0.25295508274231676,False,,,236,1.0,294,1.0
1165,946,0.73224043715847,True,1.9594420442852,1.9594420442852,155,1.0,162,1.0
1170,947,0.8514851485148515,True,1.6583804353318132,1.6583804353318132,554,1.0,568,1.0
1174,948,0.34796926454445665,True,6.868086941262242,6.868086941262242,323,1.0,905,1.0
1176,949,0.6582633053221288,True,2.86588334717345,2.86588334717345,557,1.0,627,1.0
1163,950,0.5473887814313346,True,5.36520749112883,5.36520749112883,868,1.0,732,1.0
466,951,0.0,False,,,552,1.0,228,1.0
1178,952,0.522271714922049,True,6.169386917906565,6.169386917906565,500,1.0,867,1.0
1180,953,0.2626865671641791,False,,,95,1.0,328,1.0
1179,954,0.47770700636942676,True,7.090640364956051,7.090640364956051,441,1.0,719,1.0
467,955,0.0,False,,,96,1.0,502,1.0
1189,956,0.6719424460431654,True,4.037762543513329,4.037762543513329,615,1.0,547,1.0
469,957,0.0,False,,,134,1.0,639,1.0
1187,958,0.48535564853556484,True,5.64845895558103,5.64845895558103,369,1.0,341,1.0
1191,959,0.8090225563909774,True,1.5468505779741561,1.5468505779741561,553,1.0,650,1.0
1181,960,0.5629228687415426,True,6.357841792633004,6.357841792633004,497,1.0,658,1.0
1186,961,0.22559652928416485,False,,,132,1.0,433,1.0
1194,962,0.6241610738255033,True,2.748466176246936,2.748466176246936,279,1.0,205,1.0
1195,963,0.8173207036535859,True,1.5708221586299944,1.5708221586299944,727,1.0,616,1.0
1190,964,0.07674418604651163,False,,,256,1.0,207,1.0
1193,965,0.2691029900332226,False,,,243,1.0,903,1.0
1196,966,0.8181818181818182,True,0.5090654148781645,0.5090654148781645,487,1.0,433,1.0
473,967,0.0,False,,,169,1.0,113,1.0
1200,968,0.6746987951807228,True,2.7428646998561286,2.7428646998561286,463,1.0,649,1.0
474,969,0.0,False,,,525,1.0,224,1.0
487,970,0.0,False,,,167,1.0,487,1.0
1204,971,0.6952662721893491,True,4.185386638630667,4.185386638630667,591,1.0,555,1.0
480,972,0.0,False,,,267,1.0,239,1.0
1209,973,0.507537688442211,True,2.61016206514839,2.61016206514839,202,1.0,398,1.0
1199,974,0.4004934210526316,True,3.60390515136094,3.60390515136094,487,1.0,1216,1.0
483,975,0.0,False,,,243,1.0,341,1.0
485,976,0.0,False,,,112,1.0,237,1.0
1212,977,0.4052631578947368,True,3.4650780592314065,3.4650780592314065,150,1.0,117,1.0
1217,978,0.8236472945891784,True,2.3244372643443807,2.3244372643443807,437,1.0,473,1.0
1207,979,0.38202247191011235,True,8.277795909150726,8.277795909150726,309,1.0,306,1.0
1213,980,0.21174004192872117,False,,,101,1.0,477,1.0
1216,981,0.3721973094170404,True,4.767513044209726,4.767513044209726,249,1.0,669,1.0
489,982,0.0,False,,,69,1.0,60,1.0
1221,983,0.5727272727272728,True,4.47469238376512,4.47469238376512,513,1.0,352,1.0
1215,984,0.5904334828101644,True,2.6942666807769875,2.6942666807769875,396,1.0,668,1.0
491,985,0.0,False,,,500,1.0,433,1.0
1220,986,0.6920077972709552,True,1.9396067076139583,1.9396067076139583,423,1.0,445,1.0
1225,987,0.6834532374100719,True,4.514243234991104,4.514243234991104,429,1.0,507,1.0
1226,988,0.5472837022132797,True,4.390528671180519,4.390528671180519,306,1.0,463,1.0
1219,989,0.4357262103505843,True,5.7914376446218325,5.7914376446218325,311,1.0,549,1.0
1232,990,0.6091954022988506,True,2.519599517574022,2.519599517574022,522,1.0,318,1.0
1242,991,0.15607580824972128,False,,,278,1.0,759,1.0
1233,992,0.6484118291347207,True,3.439641242374036,3.439641242374036,652,1.0,853,1.0
1239,993,0.32914572864321606,True,7.63426089191001,7.63426089191001,172,1.0,357,1.0
1231,994,0.4676923076923077,True,1.2329475912088805,1.2329475912088805,306,1.0,648,1.0
1238,995,0.616822429906542,True,3.5349948860122007,3.5349948860122007,337,1.0,528,1.0
1241,996,0.6880877742946708,True,3.1162859892332633,3.1162859892332633,596,1.0,481,1.0
1240,997,0.45340501792114696,True,6.324418620949662,6.324418620949662,505,1.0,306,1.0
1234,998,0.649584487534626,True,4.334931220547496,4.334931220547496,584,1.0,607,1.0
1222,999,0.007827788649706457,False,,,310,1.0,720,1.0
1245,1000,0.784503631961259,True,0.27912053849814283,0.27912053849814283,326,1.0,411,1.0
1244,1001,0.5678733031674208,True,5.036039032631791,5.036039032631791,421,1.0,272,1.0
1252,1002,0.11295681063122924,False,,,139,1.0,531,1.0
1250,1003,0.6912972085385879,True,0.36527400990427594,0.36527400990427594,609,1.0,421,1.0
1249,1004,0.48732394366197185,True,5.836294915198765,5.836294915198765,257,1.0,271,1.0
501,1005,0.0,False,,,261,1.0,303,1.0
1237,1006,0.3046875,True,6.078753594039537,6.078753594039537,119,1.0,382,1.0
1251,1007,0.23401950162513543,False,,,218,1.0,921,1.0
1262,1008,0.6319290465631929,True,3.339362754006289,3.339362754006289,405,1.0,331,1.0
1256,1009,0.5187637969094923,True,4.090988591386839,4.090988591386839,269,1.0,419,1.0
1263,1010,0.5146198830409356,True,6.228404673043125,6.228404673043125,495,1.0,282,1.0
1246,1011,0.39520958083832336,True,7.779674803333617,7.779674803333617,193,1.0,273,1.0
495,1012,0.0,False,,,266,1.0,169,1.0
1254,1013,0.654275092936803,True,1.6014592791822349,1.6014592791822349,411,1.0,479,1.0
494,1014,0.0,False,,,278,1.0,426,1.0
1257,1015,0.37466666666666665,True,10.540457675515748,10.540457675515748,292,1.0,739,1.0
1243,1016,0.14495412844036698,False,,,79,1.0,545,1.0
1258,1017,0.36633663366336633,True,9.476612774782883,9.476612774782883,337,1.0,215,1.0
1265,1018,0.7055702917771883,True,2.64788843165529,2.64788843165529,320,1.0,323,1.0
1260,1019,0.6114180478821363,True,2.530420772141321,2.530420772141321,388,1.0,487,1.0
497,1020,0.0,False,,,82,1.0,467,1.0
1267,1021,0.5612648221343873,True,1.100372270140459,1.100372270140459,157,1.0,238,1.0
1259,1022,0.3773913043478261,True,8.044561394509893,8.044561394509893,231,1.0,561,1.0
498,1023,0.0,False,,,126,1.0,512,1.0
1268,1024,0.4058898847631242,True,9.443414863218837,9.443414863218837,682,1.0,416,1.0
1269,1025,0.5259365994236311,True,5.68077401132047,5.68077401132047,405,1.0,654,1.0
1255,1026,0.4722222222222222,True,7.079477371919296,7.079477371919296,400,1.0,713,1.0
1278,1027,0.2684563758389262,False,,,447,1.0,120,1.0
1275,1028,0.7523809523809524,True,0.5649545176841111,0.5649545176841111,325,1.0,411,1.0
1284,1029,0.4596774193548387,True,3.9626135942308616,3.9626135942308616,246,1.0,116,1.0
506,1030,0.0,False,,,160,1.0,300,1.0
1276,1031,0.3114406779661017,True,11.561497522740526,11.561497522740526,154,1.0,465,1.0
1273,1032,0.4932562620423892,True,6.3538065792760925,6.3538065792760925,440,1.0,335,1.0
1280,1033,0.24514563106796117,False,,,815,1.0,211,1.0
1279,1034,0.6296728971962616,True,6.368265473885976,6.368265473885976,587,1.0,808,1.0
1288,1035,0.4838235294117647,True,4.268281186610185,4.268281186610185,676,1.0,333,1.0
509,1036,0.0,False,,,302,1.0,294,1.0
1292,1037,0.64375,True,4.589734813077811,4.589734813077811,264,0.8198757763975155,262,0.9458483754512635
508,1038,0.0,False,,,67,1.0,243,1.0
1282,1040,0.5460674157303371,True,2.1778513795668366,2.1778513795668366,248,1.0,440,1.0
1272,1041,0.4905109489051095,True,9.685940569679405,9.685940569679405,453,1.0,568,1.0
1287,1042,0.39473684210526316,True,6.748805726599999,6.748805726599999,142,1.0,282,1.0
1283,1043,0.5830388692579506,True,1.4446234948974723,1.4446234948974723,278,1.0,170,1.0
1285,1044,0.3584905660377358,True,7.590567454879413,7.590567454879413,345,1.0,231,1.0
1291,1045,0.7843137254901961,True,0.9904087155656985,0.9904087155656985,262,1.0,284,1.0
1307,1046,0.11025641025641025,False,,,243,1.0,190,1.0
1294,1047,0.37463697967086157,True,8.550932724391052,8.550932724391052,611,1.0,809,1.0
1298,1048,0.6244239631336406,True,0.524305565867458,0.524305565867458,434,1.0,271,1.0
1314,1049,0.47049924357034795,True,6.976141615797039,6.976141615797039,530,1.0,442,1.0
1299,1050,0.7014925373134329,True,4.244546592271489,4.244546592271489,677,1.0,805,1.0
1305,1051,0.6933333333333334,True,3.567535919247321,3.567535919247321,632,1.0,511,1.0
1296,1052,0.5737265415549598,True,5.428504229064145,5.428504229064145,428,1.0,746,1.0
1303,1053,0.28668941979522183,False,,,252,1.0,879,1.0
1304,1054,0.7469586374695864,True,2.0697975213343014,2.0697975213343014,633,1.0,803,1.0
510,1055,0.0,False,,,148,1.0,359,1.0
1309,1056,0.46875,True,5.580657404219577,5.580657404219577,523,1.0,1075,1.0
1315,1057,0.6126855600539811,True,4.507038097111993,4.507038097111993,653,1.0,542,1.0
512,1058,0.0,False,,,226,1.0,516,1.0
1301,1059,0.6713554987212276,True,5.2054072445334425,5.2054072445334425,608,1.0,699,1.0
516,1060,0.0,False,,,554,1.0,42,1.0
1302,1061,0.2653061224489796,False,,,195,1.0,735,1.0
1311,1062,0.22305389221556887,False,,,149,1.0,668,1.0
1313,1063,0.46223224351747466,True,7.899705251186153,7.899705251186153,574,1.0,723,1.0
1317,1064,0.8765690376569037,True,0.47297705669389,0.47297705669389,446,1.0,451,1.0
1318,1065,0.42727272727272725,True,3.2625590632377164,3.2625590632377164,286,1.0,656,1.0
1316,1066,0.36764705882352944,True,2.7910884578695203,2.7910884578695203,200,1.0,544,1.0
515,1067,0.0,False,,,309,1.0,339,1.0
1322,1068,0.8517555266579974,True,1.1990547186420175,1.1990547186420175,727,1.0,697,1.0
1328,1069,0.3681462140992167,True,10.203013809280716,10.203013809280716,877,1.0,695,1.0
1321,1070,0.8074074074074075,True,0.7933072497241331,0.7933072497241331,546,1.0,674,1.0
1324,1071,0.6773049645390071,True,1.3565479588791398,1.3565479588791398,406,1.0,540,1.0
1338,1072,0.5143824027072758,True,4.086687472711387,4.086687472711387,484,1.0,411,1.0
1327,1073,0.5459610027855153,True,3.4018318801312364,3.4018318801312364,944,1.0,721,1.0
1329,1074,0.2513562386980108,False,,,414,1.0,278,1.0
1331,1075,0.5923566878980892,True,2.8361262707882777,2.8361262707882777,204,1.0,296,1.0
513,1076,0.0,False,,,69,1.0,400,1.0
1337,1077,0.6034188034188034,True,5.493435620709584,5.493435620709584,494,1.0,444,1.0
1330,1078,0.46683673469387754,True,3.1447349423483604,3.1447349423483604,395,1.0,755,1.0
1333,1079,0.5783783783783784,True,0.2920597588023981,0.2920597588023981,326,1.0,550,1.0
1323,1080,0.20089955022488756,False,,,183,1.0,618,1.0
1335,1081,0.4381625441696113,True,8.322238911378365,8.322238911378365,409,1.0,405,1.0
1342,1082,0.8303886925795053,True,1.0892182306480604,1.0892182306480604,561,1.0,475,1.0
1340,1083,0.3381770145310436,True,12.19699785965052,12.19699785965052,299,1.0,714,1.0
1341,1084,0.8500881834215167,True,0.79955734647498,0.79955734647498,521,1.0,528,1.0
1326,1085,0.14986376021798364,False,,,114,1.0,730,1.0
1347,1086,0.30714285714285716,True,4.454457058625145,4.454457058625145,129,1.0,420,1.0
1350,1087,0.5325443786982249,True,8.273710539051484,8.273710539051484,497,1.0,539,1.0
1345,1088,0.4308510638297872,True,5.323002955304194,5.323002955304194,374,1.0,702,1.0
1351,1089,0.27948303715670436,False,,,619,1.0,173,1.0
1354,1090,0.5754310344827587,True,4.179254041588477,4.179254041588477,413,1.0,318,1.0
518,1091,0.0,False,,,217,1.0,168,1.0
520,1092,0.0,False,,,246,1.0,676,1.0
525,1093,0.0,False,,,359,1.0,79,1.0
1352,1094,0.6973684210526315,True,1.5194338599572315,1.5194338599572315,133,1.0,125,1.0
1348,1095,0.64453125,True,5.477047519479334,5.477047519479334,442,1.0,400,1.0
1353,1096,0.6600877192982456,True,4.244532137831016,4.244532137831016,360,1.0,397,1.0
527,1097,0.0,False,,,504,1.0,98,1.0
1356,1098,0.6374859708193041,True,7.549021427230325,7.549021427230325,693,1.0,766,1.0
1360,1099,0.6599326599326599,True,2.0055427895108218,2.0055427895108218,283,1.0,210,1.0
1355,1100,0.3520710059171598,True,8.457629110866339,8.457629110866339,366,1.0,548,1.0
1357,1101,0.5120274914089347,True,3.4078333586478995,3.4078333586478995,307,1.0,573,1.0
552,1102,0.0,False,,,71,1.0,174,1.0
529,1103,0.0,False,,,230,1.0,348,1.0
1363,1104,0.0016286644951140066,False,,,363,1.0,252,1.0
531,1105,0.0,False,,,127,1.0,77,1.0
1367,1106,0.42012448132780084,True,3.2737616064869415,3.2737616064869415,410,1.0,959,1.0
1364,1107,0.7410714285714286,True,2.4801026157348804,2.4801026157348804,680,1.0,685,1.0
541,1108,0.0,False,,,124,0.6231155778894473,320,1.0
549,1109,0.0,False,,,111,1.0,399,1.0
1366,1110,0.8,True,0.9775132781817815,0.9775132781817815,517,1.0,437,1.0
1370,1111,0.5225618631732168,True,6.611649409287401,6.611649409287401,464,1.0,582,1.0
559,1112,0.0,False,,,210,1.0,700,1.0
1377,1113,0.7420178799489144,True,1.8317735803546003,1.8317735803546003,644,1.0,720,1.0
550,1114,0.0,False,,,289,1.0,646,1.0
1376,1115,0.6185770750988142,True,1.717316152351534,1.717316152351534,462,1.0,357,1.0
1365,1116,0.3351063829787234,True,4.928081583798388,4.928081583798388,132,1.0,370,1.0
1369,1117,0.26126126126126126,False,,,148,1.0,552,1.0
1373,1118,0.48872180451127817,True,2.173245549238771,2.173245549238771,65,1.0,133,1.0
1383,1119,0.3969631236442516,True,7.230583845652878,7.230583845652878,364,1.0,280,1.0
1384,1120,0.3853904282115869,True,6.6641387644925025,6.6641387644925025,321,1.0,229,1.0
553,1121,0.0,False,,,106,1.0,162,1.0
1378,1122,0.3734513274336283,True,7.526617164665084,7.526617164665084,522,1.0,254,1.0
1390,1123,0.48787878787878786,True,7.669271904935689,7.669271904935689,545,1.0,437,1.0
1372,1124,0.2846153846153846,False,,,296,1.0,372,1.0
556,1125,0.0,False,,,422,1.0,198,1.0
1382,1126,0.32326283987915405,True,8.271684896943007,8.271684896943007,192,1.0,246,1.0
1379,1127,0.4408713692946058,True,6.836862866917247,6.836862866917247,425,1.0,964,1.0
558,1128,0.0,False,,,35,1.0,161,1.0
1386,1129,0.6934306569343066,True,1.379828319403733,1.379828319403733,609,1.0,551,1.0
1359,1130,0.14191852825229961,False,,,252,1.0,617,1.0
1405,1131,0.20426829268292682,False,,,373,1.0,417,1.0
562,1132,0.0,False,,,126,1.0,28,1.0
1387,1133,0.5928753180661578,True,5.014882977875374,5.014882977875374,520,1.0,732,1.0
1392,1134,0.7096774193548387,True,1.6987521577869522,1.6987521577869522,315,1.0,427,1.0
563,1135,0.0,False,,,273,1.0,126,1.0
567,1136,0.0,False,,,395,1.0,347,1.0
1394,1137,0.3895253682487725,True,11.288146611768964,11.288146611768964,498,1.0,1200,1.0
1391,1138,0.35611510791366907,True,6.3364400411694755,6.3364400411694755,299,1.0,455,1.0
564,1139,0.0,False,,,150,1.0,244,1.0
1409,1140,0.11908177905308465,False,,,314,1.0,466,1.0
1403,1141,0.8609271523178808,True,1.4793136949325705,1.4793136949325705,668,1.0,737,1.0
1401,1142,0.3554987212276215,True,3.4937889549820604,3.4937889549820604,341,1.0,189,1.0
1399,1143,0.392,True,1.660740069668519,1.660740069668519,98,1.0,250,1.0
1398,1144,0.3787878787878788,True,1.4120173748809233,1.4120173748809233,125,1.0,330,1.0
1389,1145,0.11793020457280386,False,,,254,1.0,675,1.0
1400,1146,0.4827089337175792,True,8.902509280388477,8.902509280388477,405,1.0,624,1.0
1410,1147,0.4620253164556962,True,1.4059132847726616,1.4059132847726616,102,1.0,129,1.0
1413,1148,0.1371191135734072,False,,,693,1.0,128,1.0
1397,1149,0.5104895104895105,True,7.1689112981335485,7.1689112981335485,317,1.0,547,1.0
1414,1150,0.25989208633093525,False,,,308,1.0,1093,1.0
1418,1151,0.7980769230769231,True,1.2387884625316805,1.2387884625316805,599,1.0,523,1.0
1419,1152,0.2737430167597765,False,,,697,1.0,215,1.0
569,1153,0.0,False,,,559,1.0,89,1.0
1412,1154,0.6068866571018652,True,3.5408437091746285,3.5408437091746285,546,1.0,574,1.0
1420,1155,0.5318892900120337,True,6.132449764911437,6.132449764911437,624,1.0,649,1.0
1407,1156,0.10465116279069768,False,,,81,1.0,774,1.0
1402,1157,0.04489164086687306,False,,,124,1.0,551,1.0
1422,1158,0.25576923076923075,False,,,133,1.0,520,1.0
1428,1159,0.20404984423676012,False,,,193,1.0,580,1.0
1411,1160,0.2896281800391389,False,,,313,1.0,1005,1.0
1421,1161,0.12520325203252033,False,,,81,1.0,611,1.0
1429,1162,0.34291581108829566,True,9.317398100650678,9.317398100650678,207,1.0,447,1.0
1424,1163,0.31822971548998946,True,7.925721744667596,7.925721744667596,351,1.0,900,1.0
1430,1164,0.5383435582822086,True,5.568461661678508,5.568461661678508,371,1.0,632,1.0
583,1165,0.0,False,,,163,1.0,297,1.0
592,1166,0.0,False,,,71,1.0,332,1.0
1431,1167,0.6313559322033898,True,2.3247916185068878,2.3247916185068878,181,1.0,204,1.0
1434,1168,0.5370919881305638,True,2.906471093875817,2.906471093875817,310,1.0,208,1.0
1436,1169,0.6682926829268293,True,2.0332592178414033,2.0332592178414033,194,1.0,148,1.0
596,1170,0.0,False,,,619,1.0,206,1.0
597,1171,0.0,False,,,169,1.0,661,1.0
1447,1172,0.21559633027522937,False,,,428,1.0,102,1.0
598,1173,0.0,False,,,120,1.0,83,1.0
1439,1174,0.3458646616541353,True,3.2917650309223796,3.2917650309223796,133,1.0,46,1.0
1433,1175,0.10703363914373089,False,,,35,1.0,327,1.0
1443,1176,0.6593406593406593,True,3.011588054488012,3.011588054488012,432,1.0,323,1.0
1444,1177,0.8662486938349008,True,0.9147349826856689,0.9147349826856689,875,1.0,911,1.0
1438,1178,0.5516014234875445,True,2.5002541865139576,2.5002541865139576,167,1.0,269,1.0
600,1179,0.0,False,,,656,1.0,376,1.0
1445,1180,0.6677165354330709,True,3.5004095896161056,3.5004095896161056,438,1.0,621,1.0
1446,1181,0.4066390041493776,True,5.948960281115243,5.948960281115243,466,1.0,212,1.0
601,1182,0.0,False,,,122,1.0,275,1.0
603,1183,0.0,False,,,127,1.0,275,1.0
1448,1184,0.3939393939393939,True,5.322534273621321,5.322534273621321,130,1.0,330,1.0
1449,1185,0.625,True,2.372230092687776,2.372230092687776,548,1.0,531,1.0
1450,1186,0.3213675213675214,True,1.7770030586770396,1.7770030586770396,191,1.0,582,1.0
1456,1187,0.21862348178137653,False,,,241,1.0,60,1.0
604,1188,0.0,False,,,261,1.0,519,1.0
608,1189,0.0,False,,,119,1.0,175,1.0
618,1190,0.0,False,,,148,1.0,645,1.0
612,1191,0.0,False,,,99,1.0,248,1.0
616,1192,0.0,False,,,152,1.0,162,1.0
617,1193,0.0,False,,,35,1.0,661,1.0
1457,1194,0.6460905349794238,True,4.107809419665563,4.107809419665563,602,1.0,598,1.0
1462,1195,0.3420138888888889,True,1.5613468575549367,1.5613468575549367,576,1.0,197,1.0
1461,1196,0.3101694915254237,True,13.934573132326449,13.934573132326449,316,1.0,457,1.0
1459,1197,0.2293103448275862,False,,,180,1.0,533,1.0
1463,1198,0.4085648148148148,True,12.219540924873572,12.219540924873572,486,1.0,731,1.0
1452,1199,0.48466257668711654,True,5.1926040481364355,5.1926040481364355,287,1.0,439,1.0
1454,1200,0.42073897497020263,True,3.3440176762494302,3.3440176762494302,359,1.0,833,1.0
623,1201,0.0,False,,,315,1.0,246,1.0
1483,1202,0.043377226955848176,False,,,800,1.0,547,1.0
619,1203,0.0,False,,,129,1.0,517,1.0
1466,1204,0.7265100671140939,True,3.563386158432085,3.563386158432085,519,1.0,510,1.0
1470,1205,0.6195079086115993,True,5.471837660096854,5.471837660096854,772,1.0,1071,1.0
1464,1206,0.3179650238473768,True,9.096106808300007,9.096106808300007,499,1.0,330,1.0
1471,1207,0.5478841870824054,True,4.037617260438861,4.037617260438861,393,1.0,302,1.0
1472,1208,0.17746686303387335,False,,,464,1.0,1135,1.0
635,1209,0.0,False,,,255,1.0,284,1.0
1475,1210,0.6190476190476191,True,1.4102107459005127,1.4102107459005127,51,1.0,51,1.0
1476,1211,0.2772808586762075,False,,,557,1.0,157,1.0
1469,1212,0.2668269230769231,False,,,137,1.0,390,1.0
1485,1213,0.4746317512274959,True,6.921336803494098,6.921336803494098,530,1.0,371,1.0
626,1214,0.0,False,,,122,1.0,201,1.0
1481,1215,0.47875816993464054,True,0.30584415173790147,0.30584415173790147,612,1.0,293,1.0
1484,1216,0.6171516079632465,True,1.0293535458087635,1.0293535458087635,653,1.0,403,1.0
631,1217,0.0,False,,,384,1.0,771,1.0
1487,1218,0.34558823529411764,True,2.7648470120420803,2.7648470120420803,544,1.0,188,1.0
1492,1219,0.5822510822510822,True,1.5745963923418587,1.5745963923418587,378,1.0,353,1.0
1486,1220,0.6748251748251748,True,1.204228640774973,1.204228640774973,386,1.0,572,1.0
1478,1221,0.46110484780157834,True,9.169932056439121,9.169932056439121,494,1.0,802,1.0
1490,1222,0.8016,True,0.5949972349805942,0.5949972349805942,571,1.0,555,1.0
1495,1223,0.7154150197628458,True,2.9331068126472393,2.9331068126472393,435,1.0,433,1.0
1491,1224,0.7052023121387283,True,2.0592001591954885,2.0592001591954885,570,1.0,610,1.0
1489,1225,0.20666666666666667,False,,,74,1.0,288,1.0
1498,1226,0.6289424860853432,True,0.7830649205750347,0.7830649205750347,539,1.0,339,1.0
1493,1227,0.5476190476190477,True,3.318780935718983,3.318780935718983,371,1.0,669,1.0
1500,1228,0.3797909407665505,True,5.923449832415884,5.923449832415884,210,1.0,186,1.0
1499,1229,0.5428571428571428,True,4.082564647490811,4.082564647490811,688,1.0,392,1.0
643,1230,0.0,False,,,155,1.0,208,1.0
1501,1231,0.6626297577854672,True,2.2699977738583255,2.2699977738583255,578,1.0,383,1.0
1488,1232,0.20504731861198738,False,,,116,1.0,266,1.0
1496,1233,0.4519940915805022,True,7.377047578127789,7.377047578127789,344,1.0,639,1.0
640,1234,0.0,False,,,134,1.0,941,1.0
1510,1235,0.648,True,3.5837641996459477,3.5837641996459477,615,1.0,415,1.0
1505,1236,0.4516829533116178,True,4.662443226442897,4.662443226442897,428,1.0,909,1.0
1516,1237,0.26902173913043476,False,,,736,1.0,198,1.0
1508,1238,0.8248175182481752,True,0.9228825040688949,0.9228825040688949,489,1.0,511,1.0
1514,1239,0.7315541601255887,True,1.698120718523563,1.698120718523563,624,1.0,479,1.0
642,1240,0.0,False,,,251,1.0,390,1.0
1502,1241,0.5125786163522013,True,3.7579537063289203,3.7579537063289203,191,1.0,290,1.0
1512,1242,0.3528591352859135,True,5.448148787689279,5.448148787689279,256,1.0,714,1.0
644,1243,0.0,False,,,266,1.0,175,1.0
1513,1244,0.16143497757847533,False,,,39,1.0,220,1.0
1520,1245,0.37950138504155123,True,5.820862208615621,5.820862208615621,146,1.0,352,1.0
1519,1246,0.7405913978494624,True,3.0205226416751927,3.0205226416751927,633,1.0,662,1.0
1518,1247,0.33910891089108913,True,3.8130101744336296,3.8130101744336296,148,1.0,393,1.0
1522,1248,0.5,True,3.547749856013556,3.547749856013556,200,1.0,214,1.0
1526,1249,0.512962962962963,True,3.6618170141080877,3.6618170141080877,405,1.0,412,1.0
1517,1250,0.5484460694698354,True,5.423619571180256,5.423619571180256,419,1.0,428,1.0
650,1251,0.0,False,,,37,1.0,102,1.0
648,1252,0.0,False,,,190,1.0,251,1.0
1523,1253,0.2079866888519135,False,,,131,1.0,595,1.0
1530,1254,0.8115942028985508,True,0.23463072105948746,0.23463072105948746,268,1.0,232,1.0
1532,1255,0.8063583815028902,True,0.49642199679226795,0.49642199679226795,289,1.0,336,1.0
659,1256,0.0,False,,,185,1.0,66,1.0
662,1257,0.0,False,,,158,1.0,649,1.0
1538,1258,0.779783393501805,True,2.014316055596656,2.014316055596656,807,1.0,672,1.0
1533,1259,0.4940944881889764,True,4.119891540028157,4.119891540028157,301,1.0,458,1.0
1542,1260,0.40190476190476193,True,2.9945550858024905,2.9945550858024905,515,1.0,221,1.0
1546,1261,0.4733178654292343,True,5.870730444591027,5.870730444591027,369,1.0,266,1.0
1537,1262,0.5268456375838926,True,5.509976855892307,5.509976855892307,314,1.0,596,1.0
1548,1263,0.3114754098360656,True,4.975863228997803,4.975863228997803,105,1.0,55,1.0
1541,1264,0.3120567375886525,True,1.7444938596482535,1.7444938596482535,132,1.0,423,1.0
664,1265,0.0,False,,,353,1.0,328,1.0
1547,1266,0.4843517138599106,True,5.327702522807464,5.327702522807464,372,1.0,624,1.0
1545,1267,0.30078125,True,4.606072910691645,4.606072910691645,231,1.0,768,1.0
1544,1268,0.20273972602739726,False,,,239,1.0,200,1.0
1551,1269,0.7250608272506083,True,1.7306839911727394,1.7306839911727394,371,1.0,338,1.0
1549,1270,0.5973451327433629,True,3.7435224605108335,3.7435224605108335,301,1.0,421,1.0
1550,1271,0.7882096069868996,True,0.9871856266171595,0.9871856266171595,758,1.0,880,1.0
1554,1272,0.6921797004991681,True,2.896575274500769,2.896575274500769,436,1.0,581,1.0
1552,1273,0.6486486486486487,True,2.126713015225695,2.126713015225695,130,1.0,175,1.0
1553,1274,0.16393442622950818,False,,,60,1.0,366,1.0
1555,1275,0.5584725536992841,True,3.513163563138181,3.513163563138181,268,1.0,385,1.0
678,1276,0.0,False,,,115,1.0,449,1.0
1561,1277,0.4863731656184486,True,5.389376437193563,5.389376437193563,274,1.0,435,1.0
1556,1278,0.5135566188197768,True,6.384822715493411,6.384822715493411,520,1.0,429,1.0
1558,1279,0.21026490066225165,False,,,127,1.0,604,1.0
1563,1280,0.5833333333333334,True,4.812445932633328,4.812445932633328,392,1.0,615,1.0
682,1281,0.0,False,,,478,1.0,531,1.0
1564,1282,0.6659142212189616,True,3.1149101235725953,3.1149101235725953,356,1.0,382,1.0
1576,1283,0.0019011406844106464,False,,,153,1.0,374,1.0
684,1284,0.0,False,,,117,1.0,40,1.0
703,1285,0.0,False,,,353,1.0,228,1.0
1568,1286,0.4742857142857143,True,6.401368606803985,6.401368606803985,511,1.0,263,1.0
1566,1287,0.40826446280991735,True,7.792907636604897,7.792907636604897,333,1.0,519,1.0
1571,1288,0.7959697732997482,True,1.6207563919277697,1.6207563919277697,738,1.0,688,1.0
712,1289,0.0,False,,,100,1.0,482,1.0
715,1290,0.0,False,,,331,1.0,288,1.0
1577,1291,0.6490765171503958,True,1.3767752659962997,1.3767752659962997,246,1.0,379,1.0
1578,1292,0.5938775510204082,True,4.7833928631561475,4.7833928631561475,473,1.0,308,1.0
726,1293,0.0,False,,,374,1.0,263,1.0
1581,1294,0.6555023923444976,True,1.2594771400998457,1.2594771400998457,396,1.0,296,1.0
1584,1295,0.41310160427807485,True,4.433551376202701,4.433551376202701,329,1.0,728,1.0
1583,1296,0.3227445997458704,True,7.801197592897058,7.801197592897058,594,1.0,447,1.0
1588,1297,0.8542234332425068,True,0.5957954573922778,0.5957954573922778,725,1.0,636,1.0
728,1298,0.0,False,,,83,1.0,646,1.0
1586,1299,0.04677846425419241,False,,,61,1.0,1125,1.0
1585,1300,0.4727272727272727,True,4.905105987831443,4.905105987831443,305,1.0,586,1.0
1590,1301,0.23979591836734693,False,,,306,1.0,666,1.0
1592,1302,0.437609841827768,True,3.1102109940362745,3.1102109940362745,563,1.0,255,1.0
1589,1303,0.4282115869017632,True,5.282465248670642,5.282465248670642,193,1.0,374,1.0
748,1304,0.0,False,,,193,1.0,281,1.0
730,1305,0.0,False,,,130,1.0,602,1.0
740,1306,0.0,False,,,101,1.0,415,1.0
762,1307,0.0,False,,,268,1.0,261,1.0
746,1308,0.0,False,,,185,1.0,255,1.0
1591,1309,0.2982885085574572,False,,,244,1.0,818,1.0
752,1310,0.0,False,,,142,1.0,241,1.0
1598,1311,0.534965034965035,True,6.248262001987438,6.248262001987438,426,1.0,452,1.0
761,1312,0.0,False,,,243,1.0,89,1.0
1593,1313,0.4513715710723192,True,9.39383603801869,9.39383603801869,569,1.0,595,1.0
1596,1314,0.08395061728395062,False,,,34,1.0,405,1.0
1595,1315,0.2886405959031657,False,,,170,1.0,522,1.0
1601,1316,0.5489296636085627,True,6.59167484766051,6.59167484766051,507,1.0,506,1.0
1613,1317,0.2651646447140381,False,,,577,1.0,153,1.0
1603,1318,0.5135135135135135,True,1.5713758693524964,1.5713758693524964,291,1.0,157,1.0
1611,1319,0.42351716961498437,True,5.171328933906321,5.171328933906321,946,1.0,422,1.0
1604,1320,0.6361031518624641,True,1.1290213378925908,1.1290213378925908,447,1.0,695,1.0
1607,1321,0.7046979865771812,True,0.8438267907912796,0.8438267907912796,137,1.0,117,1.0
765,1322,0.0,False,,,144,1.0,658,1.0
1608,1323,0.5425101214574899,True,0.9749725890965215,0.9749725890965215,306,1.0,456,1.0
1600,1324,0.08035714285714286,False,,,240,1.0,486,1.0
1612,1325,0.6896551724137931,True,4.076237966070854,4.076237966070854,441,1.0,490,1.0
1614,1326,0.5358744394618834,True,4.4328784761163,4.4328784761163,446,1.0,239,1.0
1606,1327,0.5444579780755177,True,5.092776156635552,5.092776156635552,537,1.0,731,1.0
1610,1328,0.2681912681912682,False,,,129,1.0,481,1.0
1619,1329,0.6567164179104478,True,4.544252541101453,4.544252541101453,356,1.0,532,1.0
1620,1330,0.5880503144654088,True,2.829791745327405,2.829791745327405,301,1.0,204,1.0
1623,1331,0.2989949748743719,False,,,398,1.0,119,1.0
766,1332,0.0,False,,,262,1.0,279,1.0
1618,1333,0.15057915057915058,False,,,80,1.0,218,1.0
1616,1334,0.14919354838709678,False,,,74,1.0,496,1.0
768,1335,0.0,False,,,70,1.0,137,1.0
1627,1336,0.5901639344262295,True,4.538440020272206,4.538440020272206,340,1.0,339,1.0
1624,1337,0.1047008547008547,False,,,49,1.0,468,1.0
1622,1338,0.040865384615384616,False,,,88,1.0,345,1.0
1630,1339,0.4607329842931937,True,2.388160097322805,2.388160097322805,91,1.0,188,1.0
